# 
# *****************************************************************
# *                                                               *
# *    Copyright (c) Digital Equipment Corporation, 1991, 1994    *
# *                                                               *
# *   All Rights Reserved.  Unpublished rights  reserved  under   *
# *   the copyright laws of the United States.                    *
# *                                                               *
# *   The software contained on this media  is  proprietary  to   *
# *   and  embodies  the  confidential  technology  of  Digital   *
# *   Equipment Corporation.  Possession, use,  duplication  or   *
# *   dissemination of the software and media is authorized only  *
# *   pursuant to a valid written license from Digital Equipment  *
# *   Corporation.                                                *
# *                                                               *
# *   RESTRICTED RIGHTS LEGEND   Use, duplication, or disclosure  *
# *   by the U.S. Government is subject to restrictions  as  set  *
# *   forth in Subparagraph (c)(1)(ii)  of  DFARS  252.227-7013,  *
# *   or  in  FAR 52.227-19, as applicable.                       *
# *                                                               *
# *****************************************************************
#
# HISTORY
# 
# @(#)$RCSfile: customimage.dat,v $ $Revision: 1.1.2.2 $ (DEC) $Date: 1993/11/05 15:45:16 $
# 
int    iwidth  = 160,
       iheight = 145,
       icolors = 20,
       ireds[]   = { 0, 54998, 22102, 40092, 37265, 8995, 4369, 65535, 33410, 0, 0, 41891, 52428, 28784, 0, 51400, 17990, 34181, 0, 29041 },
       igreens[] = { 27499, 54998, 22102, 40092, 47545, 29555, 14392, 65535, 52171, 18504, 38036, 41891, 52428, 28784, 0, 51400, 17990, 34181, 0, 29041 },
       iblues[]  = { 24929, 54998, 22102, 40092, 49087, 32639, 15934, 65535, 50372, 16962, 34695, 41891, 52428, 28784, 0, 51400, 17990, 34181, 0, 29041 };

char * inames[] = {"sm.screenBackground",
                   "Mwm.topShadowColor",
                   "Mwm.bottomShadowColor",
                   "Mwm.background",
                   "Mwm.iconImageTopShadowColor",
                   "Mwm.iconImageBackground",
                   "Mwm.iconImageBottomShadowColor",
                   "Mwm.iconImageForeground",
                   "Mwm.activeTopShadowColor",
                   "Mwm.activeBottomShadowColor",
                   "Mwm.activeBackground",
                   "Mwm.matteTopShadowColor",
                   "Mwm.matteBackground",
                   "Mwm.matteBottomShadowColor",
                   "Mwm.foreground",
                   ".topShadowColor",
                   ".bottomShadowColor",
                   ".background",
                   ".foreground",
                   ".troughColor" };

char * iclasses[] = {"sm.ScreenBackground",
                   "Mwm.TopShadowColor",
                   "Mwm.BottomShadowColor",
                   "Mwm.Background",
                   "Mwm.IconImageTopShadowColor",
                   "Mwm.IconImageBackground",
                   "Mwm.IconImageBottomShadowColor",
                   "Mwm.IconImageForeground",
                   "Mwm.ActiveTopShadowColor",
                   "Mwm.ActiveBottomShadowColor",
                   "Mwm.ActiveBackground",
                   "Mwm.MatteTopShadowColor",
                   "Mwm.MatteBackground",
                   "Mwm.MatteBottomShadowColor",
                   ".TopShadowColor",
                   ".BottomShadowColor",
                   ".Background",
                   ".Foreground",
                   "Mwm.Foreground",
                   ".TroughColor" };

char iraster[] = {
0,0,0,0,0,0,0,0,0,0,0,0,0,0,0,0,0,0,0,0,0,0,0,0,0,
0,0,0,0,0,0,0,0,0,0,0,0,0,0,0,0,0,0,0,0,0,0,0,0,0,
0,0,0,0,0,0,0,0,0,0,0,0,0,0,0,0,0,0,0,0,0,0,0,0,0,
0,0,0,0,0,0,0,0,0,0,0,0,0,0,0,0,0,0,0,0,0,0,0,0,0,
0,0,0,0,0,0,0,0,0,0,0,0,0,0,0,0,0,0,0,0,0,0,0,0,0,
0,0,0,0,0,0,0,0,0,0,0,0,0,0,0,0,0,0,0,0,0,0,0,0,0,
0,0,0,0,0,0,0,0,0,0,0,0,0,0,0,0,0,0,0,0,0,0,0,0,0,
0,0,0,0,0,0,0,0,0,0,0,0,0,0,0,0,0,0,0,0,0,0,0,0,0,
0,0,0,0,0,0,0,0,0,0,0,0,0,0,0,0,0,0,0,0,0,0,0,0,0,
0,0,0,0,0,0,0,0,0,0,0,0,0,0,0,0,0,0,0,0,0,0,0,0,0,
0,0,0,0,0,0,0,0,0,0,0,0,0,0,0,0,0,0,0,0,0,0,0,0,0,
0,0,0,0,0,0,0,0,0,0,0,0,0,0,0,0,0,0,0,0,0,0,0,0,0,
0,0,0,0,0,0,0,0,0,0,0,0,0,0,0,0,0,0,0,0,0,0,0,0,0,
0,0,0,0,0,0,0,0,0,0,0,0,0,0,0,0,0,0,0,0,0,0,0,0,0,
0,0,0,0,0,0,0,0,0,0,0,0,0,0,0,0,0,0,0,0,0,0,0,0,0,
0,0,0,0,0,0,0,0,0,0,0,0,0,0,0,0,0,0,0,0,0,0,0,0,0,
0,0,0,0,0,0,0,0,0,0,0,0,0,0,0,0,0,0,0,0,0,0,0,0,0,
0,0,0,0,0,0,0,0,0,0,0,0,0,0,0,0,0,0,0,0,0,0,0,0,0,
0,0,0,0,0,0,0,0,0,0,0,0,0,0,0,0,0,0,0,0,0,0,0,0,0,
0,0,0,0,0,0,0,0,0,0,0,0,0,0,0,0,0,0,0,0,0,0,0,0,0,
0,0,0,0,0,0,0,0,0,0,0,0,0,0,0,0,0,0,0,0,0,0,0,0,0,
0,0,0,0,0,0,0,0,0,0,0,0,0,0,0,0,0,0,0,0,0,0,0,0,0,
0,0,0,0,0,0,0,0,0,0,0,0,0,0,0,0,0,0,0,0,0,0,0,0,0,
0,0,0,0,0,0,0,0,0,0,0,0,0,0,0,0,0,0,0,0,0,0,0,0,0,
0,0,0,0,0,0,0,0,0,0,0,0,0,0,0,0,0,0,0,0,0,0,0,0,0,
0,0,0,0,0,0,0,0,0,0,0,0,0,0,0,0,0,0,0,0,0,0,0,0,0,
0,0,0,0,0,0,0,0,0,0,0,0,0,0,0,0,0,0,0,0,0,0,0,0,0,
0,0,0,0,0,0,0,0,0,0,0,0,0,0,0,0,0,0,0,0,0,0,0,0,0,
0,0,0,0,0,0,0,0,0,0,0,0,0,0,0,0,0,0,0,0,0,0,0,0,0,
0,0,0,0,0,0,0,0,0,0,0,0,0,0,0,0,0,0,0,0,0,0,0,0,0,
0,0,0,0,0,0,0,0,0,0,0,0,0,0,0,0,0,0,0,0,0,0,0,0,0,
0,0,0,0,0,0,0,0,0,0,0,0,0,0,0,0,0,0,0,0,0,0,0,0,0,
0,0,0,0,0,0,0,0,0,0,0,0,0,0,0,0,0,0,0,0,0,0,0,0,0,
0,0,0,0,0,0,0,0,0,0,0,0,0,0,0,0,0,0,0,0,0,0,0,0,0,
0,0,0,0,0,0,0,0,0,0,0,0,0,0,0,0,0,0,0,0,0,0,0,0,0,
0,0,0,0,0,0,0,0,0,0,0,0,0,0,0,0,0,0,0,0,0,0,0,0,0,
0,0,0,0,0,0,0,0,0,0,0,0,0,0,0,0,0,0,0,0,0,0,0,0,0,
0,0,0,0,0,0,0,0,0,0,0,0,0,0,0,0,0,0,0,0,0,0,0,0,0,
0,0,0,0,0,0,0,0,0,0,0,0,0,0,0,0,0,0,0,0,0,0,0,0,0,
0,0,0,0,0,0,0,0,0,0,0,0,0,0,0,0,0,0,0,0,0,0,0,0,0,
0,0,0,0,0,0,0,0,0,0,0,0,0,0,0,0,0,0,0,0,0,0,0,0,0,
0,0,0,0,0,0,0,0,0,0,0,0,0,0,0,0,0,0,0,0,0,0,0,0,0,
0,0,0,0,0,0,0,0,0,0,0,0,0,0,0,0,0,0,0,0,0,0,0,0,0,
0,0,0,0,0,0,0,0,0,0,0,0,0,0,0,0,0,0,0,0,0,0,0,0,0,
0,0,0,0,0,0,0,0,0,0,0,0,0,0,0,0,0,0,0,0,0,0,0,0,0,
0,0,0,0,0,0,0,0,0,0,0,0,0,0,0,0,0,0,0,0,0,0,0,0,0,
0,0,0,0,0,0,0,0,0,0,0,0,0,0,0,0,0,0,0,0,0,0,0,0,0,
0,0,0,0,0,0,0,0,0,0,0,0,0,0,0,0,0,0,0,0,0,0,0,0,0,
0,0,0,0,0,0,0,0,0,0,0,0,0,0,0,0,0,0,0,0,0,0,0,0,0,
0,0,0,0,0,0,0,0,0,0,0,0,0,0,0,0,0,0,0,0,0,0,0,0,0,
0,0,0,0,0,0,0,0,0,0,0,0,0,0,0,0,0,0,0,0,0,0,0,0,0,
0,0,0,0,0,0,0,0,0,0,0,0,0,0,0,0,0,0,0,0,0,0,0,0,0,
0,0,0,0,0,0,0,0,0,0,0,0,0,0,0,0,0,0,0,0,0,0,0,0,0,
0,0,0,0,0,0,0,0,0,0,0,0,0,0,0,0,0,0,0,0,0,0,0,0,0,
0,0,0,0,0,0,0,0,0,0,0,0,0,0,0,0,0,0,0,0,0,0,0,0,1,
1,1,1,1,1,1,1,1,1,1,1,1,1,1,1,1,1,1,1,1,1,1,1,1,1,
1,1,1,1,1,1,1,1,1,1,1,1,1,1,1,1,1,1,1,1,1,1,1,1,1,
1,1,1,1,1,1,1,1,1,0,0,0,0,0,0,0,0,0,0,0,0,0,0,0,0,
0,0,0,0,0,0,0,0,0,0,0,0,0,0,0,0,0,0,0,0,0,0,0,0,0,
0,0,0,0,0,0,0,0,0,0,0,0,0,0,0,0,0,0,0,0,0,0,0,0,0,
0,0,0,0,0,0,0,0,0,0,0,0,0,0,0,0,0,0,0,0,0,0,0,0,0,
0,0,0,0,0,0,0,0,0,1,1,1,1,1,1,1,1,1,1,1,1,1,1,1,1,
1,1,1,1,1,1,1,1,1,1,1,1,1,1,1,1,1,1,1,1,1,1,1,1,1,
1,1,1,1,1,1,1,1,1,1,1,1,1,1,1,1,1,1,2,0,0,0,0,0,0,
0,0,0,0,0,0,0,0,0,0,0,0,0,0,0,0,0,0,0,0,0,0,0,0,0,
0,0,0,0,0,0,0,0,0,0,0,0,0,0,0,0,0,0,0,0,0,0,0,0,0,
0,0,0,0,0,0,0,0,0,0,0,0,0,0,0,0,0,0,0,0,0,0,0,0,0,
0,0,0,0,0,0,0,0,0,0,0,0,0,0,0,0,0,0,0,1,1,3,3,3,3,
3,3,3,3,3,3,3,3,3,3,3,3,3,3,3,3,3,3,3,3,3,3,3,3,3,
3,3,3,3,3,3,3,3,3,3,3,3,3,3,3,3,3,3,3,3,3,3,3,3,3,
3,3,2,2,0,0,0,0,0,0,0,0,0,0,0,0,0,0,0,0,0,0,0,0,0,
0,0,0,0,0,0,0,0,0,0,0,0,0,0,0,0,0,0,0,0,0,0,0,0,0,
0,0,0,0,0,0,0,0,0,0,0,0,0,0,0,0,0,0,0,0,0,0,0,0,0,
0,0,0,0,0,0,0,0,0,0,0,0,0,0,0,0,0,0,0,0,0,0,0,0,0,
0,0,0,0,1,1,3,3,3,3,3,3,3,3,3,3,3,3,3,3,3,3,3,3,3,
3,3,3,3,3,3,3,3,3,3,3,3,3,3,3,3,3,3,3,3,3,3,3,3,3,
3,3,3,3,3,3,3,3,3,3,3,3,2,2,0,0,0,0,0,0,0,0,0,0,0,
0,0,0,0,0,0,0,0,0,0,0,0,0,0,0,0,0,0,0,0,0,0,0,0,0,
0,0,0,0,0,0,0,0,0,0,0,0,0,0,0,0,0,0,0,0,0,0,0,0,0,
0,0,0,0,0,0,0,0,0,0,0,0,0,0,0,0,0,0,0,0,0,0,0,0,0,
0,0,0,0,0,0,0,0,0,0,0,0,0,0,1,1,3,3,2,2,2,2,2,2,2,
2,2,2,2,2,2,2,2,2,2,2,2,2,2,2,2,2,2,2,2,2,2,2,2,2,
2,2,2,2,2,2,2,2,2,2,2,2,2,2,2,2,2,2,2,2,3,3,2,2,0,
0,0,0,0,0,0,0,0,0,0,0,0,0,0,0,0,0,0,0,0,0,0,0,0,0,
0,0,0,0,0,0,0,0,0,0,0,0,0,0,0,0,0,0,0,0,0,0,0,0,0,
0,0,0,0,0,0,0,0,0,0,0,0,0,0,0,0,0,0,0,0,0,0,0,0,0,
0,0,0,0,0,0,0,0,0,0,0,0,0,0,0,0,0,0,0,0,0,0,0,0,1,
1,3,3,2,4,4,4,4,4,4,4,4,4,4,4,4,4,4,4,4,4,4,4,4,4,
4,4,4,4,4,4,4,4,4,4,4,4,4,4,4,4,4,4,4,4,4,4,4,4,4,
4,4,4,4,1,3,3,2,2,0,0,0,0,0,0,0,0,0,0,0,0,0,0,0,0,
0,0,0,0,0,0,0,0,0,0,0,0,0,0,0,0,0,0,0,0,0,0,0,0,0,
0,0,0,0,0,0,0,0,0,0,0,0,0,0,0,0,0,0,0,0,0,0,0,0,0,
0,0,0,0,0,0,0,0,0,0,0,0,0,0,0,0,0,0,0,0,0,0,0,0,0,
0,0,0,0,0,0,0,0,0,1,1,3,3,2,4,5,5,5,5,5,5,5,5,5,5,
5,5,5,5,5,5,5,5,5,5,5,5,5,5,5,5,5,5,5,5,5,5,5,5,5,
5,5,5,5,5,5,5,5,5,5,5,5,5,6,1,3,3,2,2,0,0,0,0,0,0,
0,0,0,0,0,0,0,0,0,0,0,0,0,0,0,0,0,0,0,0,0,0,0,0,0,
0,0,0,0,0,0,0,0,0,0,0,0,0,0,0,0,0,0,0,0,0,0,0,0,0,
0,0,0,0,0,0,0,0,0,0,0,0,0,0,0,0,0,0,0,0,0,0,0,0,0,
0,0,0,0,0,0,0,0,0,0,0,0,0,0,0,0,0,0,0,1,1,3,3,2,4,
5,5,5,5,5,5,5,5,5,5,5,5,5,5,5,5,5,5,5,5,5,5,5,5,5,
5,5,5,5,5,5,5,5,5,5,5,5,5,5,5,5,5,5,5,5,5,5,5,6,1,
3,3,2,2,0,0,0,0,0,0,0,0,0,0,0,0,0,0,0,0,0,0,0,0,0,
0,0,0,0,0,0,0,0,0,0,0,0,0,0,0,0,0,0,0,0,0,0,0,0,0,
0,0,0,0,0,0,0,0,0,0,0,0,0,0,0,0,0,0,0,0,0,0,0,0,0,
0,0,0,0,0,0,0,0,0,0,0,0,0,0,0,0,0,0,0,0,0,0,0,0,0,
0,0,0,0,1,1,3,3,2,4,5,5,5,5,5,5,5,5,5,5,5,5,5,5,5,
5,5,5,5,5,5,5,5,5,5,5,5,5,5,5,5,5,5,5,5,5,5,5,5,5,
5,5,5,5,5,5,5,5,6,1,3,3,2,2,0,0,0,0,0,0,0,0,0,0,0,
0,0,0,0,0,0,0,0,0,0,0,0,0,0,0,0,0,0,0,0,0,0,0,0,0,
0,0,0,0,0,0,0,0,0,0,0,0,0,0,0,0,0,0,0,0,0,0,0,0,0,
0,0,0,0,0,0,0,0,0,0,0,0,0,0,0,0,0,0,0,0,0,0,0,0,0,
0,0,0,0,0,0,0,0,0,0,0,0,0,0,1,1,3,3,2,4,5,5,5,5,5,
5,5,5,5,5,5,5,5,5,5,5,5,5,5,5,5,5,5,5,5,5,5,5,7,7,
7,7,7,7,7,5,5,5,5,5,5,5,5,5,5,5,5,5,6,1,3,3,2,2,0,
0,0,0,0,0,0,0,0,0,0,0,0,0,0,0,0,0,0,0,0,0,0,0,0,0,
0,0,0,0,0,0,0,0,0,0,0,0,0,0,0,0,0,0,0,0,0,0,0,0,0,
0,0,0,0,0,0,0,0,0,0,0,0,0,0,0,0,0,0,0,0,0,0,0,0,0,
0,0,0,0,0,0,0,0,0,0,0,0,0,0,0,0,0,0,0,0,0,0,0,0,1,
1,3,3,2,4,5,5,5,5,5,5,5,5,5,5,5,5,5,5,5,5,5,5,5,5,
5,5,5,5,5,7,7,7,5,7,5,7,5,7,5,7,7,7,5,5,5,5,5,5,5,
5,5,5,6,1,3,3,2,2,0,0,0,0,0,0,0,0,0,0,0,0,0,0,0,0,
0,0,0,0,0,0,0,0,0,0,0,0,0,0,0,0,0,0,0,0,0,0,0,0,0,
0,0,0,0,0,0,0,0,0,0,0,0,0,0,0,0,0,0,0,0,0,0,0,0,0,
0,0,0,0,0,0,0,0,0,0,0,0,0,0,0,0,0,0,0,0,0,0,0,0,0,
0,0,0,0,0,0,0,0,0,1,1,3,3,2,4,5,5,5,5,5,5,5,5,5,5,
5,5,5,5,5,5,5,5,5,5,5,5,7,7,7,5,7,5,7,5,7,5,7,5,7,
5,7,5,7,7,7,5,5,5,5,5,5,5,6,1,3,3,2,2,0,0,0,0,0,0,
0,0,0,0,0,0,0,0,0,0,0,0,0,0,0,0,0,0,0,0,0,0,0,0,0,
0,0,0,0,0,0,0,0,0,0,0,0,0,0,0,0,0,0,0,0,0,0,0,0,0,
0,0,0,0,0,0,0,0,0,0,0,0,0,0,0,0,0,0,0,0,0,0,0,0,0,
0,0,0,0,0,0,0,0,0,0,0,0,0,0,0,0,0,0,0,1,1,3,3,2,4,
5,5,5,5,5,5,5,5,5,5,5,5,5,5,5,5,5,5,5,5,5,7,7,7,5,
7,5,7,5,7,5,7,5,7,5,7,5,7,5,7,7,7,5,5,5,5,5,5,6,1,
3,3,2,2,0,0,0,0,0,0,0,0,0,0,0,0,0,0,0,0,0,0,0,0,0,
0,0,0,0,0,0,0,0,0,0,0,0,0,0,0,0,0,0,0,0,0,0,0,0,0,
0,0,0,0,0,0,0,0,0,0,0,0,0,0,0,0,0,0,0,0,0,0,0,0,0,
0,0,0,0,0,0,0,0,0,0,0,0,0,0,0,0,0,0,0,0,0,0,0,0,0,
0,0,0,0,1,1,3,3,2,4,5,5,5,5,5,5,5,5,5,5,5,5,5,5,5,
5,5,5,7,7,7,5,7,5,7,5,7,5,7,5,7,5,7,5,7,5,7,5,7,5,
7,7,7,5,5,5,5,5,6,1,3,3,2,2,0,0,0,0,0,0,0,0,0,0,0,
0,0,0,0,0,0,0,0,0,0,0,0,0,0,0,0,0,0,0,0,0,0,0,0,0,
0,0,0,0,0,0,0,0,0,0,0,0,0,0,0,0,0,0,0,0,0,0,0,0,0,
0,0,0,0,0,0,0,0,0,0,0,0,0,0,0,0,0,0,0,0,0,0,0,0,0,
0,0,0,0,0,0,0,0,0,0,0,0,0,0,1,1,3,3,2,4,5,5,5,5,5,
5,5,5,5,5,5,5,5,5,5,5,5,7,7,7,5,7,5,7,5,7,5,7,5,7,
5,7,7,7,7,7,5,7,5,7,5,7,7,7,5,5,5,5,6,1,3,3,2,2,0,
0,0,0,0,0,0,0,0,0,0,0,0,0,0,0,0,0,0,0,0,0,0,0,0,0,
0,0,0,0,0,0,0,0,0,0,0,0,0,0,0,0,0,0,0,0,0,0,0,0,0,
0,0,0,0,0,0,0,0,0,0,0,0,0,0,0,0,0,0,0,0,0,0,0,0,0,
0,0,0,0,0,0,0,0,0,0,0,0,0,0,0,0,0,0,0,0,0,0,0,0,1,
1,3,3,2,4,5,5,5,5,5,5,5,5,5,5,5,5,5,5,7,7,7,5,7,5,
7,5,7,5,7,7,7,5,7,5,7,5,7,7,7,5,7,5,7,5,7,5,7,7,7,
5,5,5,6,1,3,3,2,2,0,0,0,0,0,0,0,0,0,0,0,0,0,0,0,0,
0,0,0,0,0,0,0,0,0,0,0,0,0,0,0,0,0,0,0,0,0,0,0,0,0,
0,0,0,0,0,0,0,0,0,0,0,0,0,0,0,0,0,0,0,0,0,0,0,0,0,
0,0,0,0,0,0,0,0,0,0,0,0,0,0,0,0,0,0,0,0,0,0,0,0,0,
0,0,0,0,0,0,0,0,0,1,1,3,3,2,4,5,5,5,5,5,5,5,5,5,5,
5,5,5,7,7,7,5,7,5,7,5,7,5,7,7,7,7,7,5,7,5,7,7,7,7,
7,5,7,5,7,5,7,5,7,7,7,5,5,6,1,3,3,2,2,0,0,0,0,0,0,
0,0,0,0,0,0,0,0,0,0,0,0,0,0,0,0,0,0,0,0,0,0,0,0,0,
0,0,0,0,0,0,0,0,0,0,0,0,0,0,0,0,0,0,0,0,0,0,0,0,0,
0,0,0,0,0,0,0,0,0,0,0,0,0,0,0,0,0,0,0,0,0,0,0,0,0,
0,0,0,0,0,0,0,0,0,0,0,0,0,0,0,0,0,0,0,1,1,3,3,2,4,
5,5,5,5,5,5,5,5,5,5,5,7,7,5,7,5,7,5,7,5,7,5,7,7,7,
7,7,5,7,5,7,5,7,5,7,5,7,5,7,5,7,5,7,7,7,7,5,5,6,1,
3,3,2,2,0,0,0,0,0,0,0,0,0,0,0,0,0,0,0,0,0,0,0,0,0,
0,0,0,0,0,0,0,0,0,0,0,0,0,0,0,0,0,0,0,0,0,0,0,0,0,
0,0,0,0,0,0,0,0,0,0,0,0,0,0,0,0,0,0,0,0,0,0,0,0,0,
0,0,0,0,0,0,0,0,0,0,0,0,0,0,0,0,0,0,0,0,0,0,0,0,0,
0,0,0,0,1,1,3,3,2,4,5,5,5,5,5,5,5,5,5,5,7,7,5,7,5,
7,5,7,7,7,5,7,5,7,7,7,5,7,5,7,5,7,5,7,5,7,5,7,5,7,
5,7,5,7,7,7,5,5,6,1,3,3,2,2,0,0,0,0,0,0,0,0,0,0,0,
0,0,0,0,0,0,0,0,0,0,0,0,0,0,0,0,0,0,0,0,0,0,0,0,0,
0,0,0,0,0,0,0,0,0,0,0,0,0,0,0,0,0,0,0,0,0,0,0,0,0,
0,0,0,0,0,0,0,0,0,0,0,0,0,0,0,0,0,0,0,0,0,0,0,0,0,
0,0,0,0,0,0,0,0,0,0,0,0,0,0,1,1,3,3,2,4,5,5,5,5,5,
5,5,5,5,7,7,5,7,5,7,5,7,7,7,7,7,5,7,5,7,5,7,5,7,5,
7,5,7,5,7,5,7,5,7,5,7,5,7,7,7,7,5,5,6,1,3,3,2,2,0,
0,0,0,0,0,0,0,0,0,0,0,0,0,0,0,0,0,0,0,0,0,0,0,0,0,
0,0,0,0,0,0,0,0,0,0,0,0,0,0,0,0,0,0,0,0,0,0,0,0,0,
0,0,0,0,0,0,0,0,0,0,0,0,0,0,0,0,0,0,0,0,0,0,0,0,0,
0,0,0,0,0,0,0,0,0,0,0,0,0,0,0,0,0,0,0,0,0,0,0,0,1,
1,3,3,2,4,5,5,5,5,5,5,5,5,7,7,5,7,5,7,5,7,7,7,7,7,
7,7,5,7,5,7,5,7,5,7,5,7,5,7,5,7,5,7,5,7,5,7,5,7,7,
7,5,5,6,1,3,3,2,2,0,0,0,0,0,0,0,0,0,0,0,0,0,0,0,0,
0,0,0,0,0,0,0,0,0,0,0,0,0,0,0,0,0,0,0,0,0,0,0,0,0,
0,0,0,0,0,0,0,0,0,0,0,0,0,0,0,0,0,0,0,0,0,0,0,0,0,
0,0,0,0,0,0,0,0,0,0,0,0,0,0,0,0,0,0,0,0,0,0,0,0,0,
0,0,0,0,0,0,0,0,0,1,1,3,3,2,4,5,5,5,5,5,5,5,7,7,5,
7,5,7,5,7,5,7,7,7,7,7,5,7,5,7,5,7,5,7,5,7,5,7,5,7,
5,7,5,7,5,7,5,7,7,7,7,5,5,6,1,3,3,2,2,0,0,0,0,0,0,
0,0,0,0,0,0,0,0,0,0,0,0,0,0,0,0,0,0,0,0,0,0,0,0,0,
0,0,0,0,0,0,0,0,0,0,0,0,0,0,0,0,0,0,0,0,0,0,0,0,0,
0,0,0,0,0,0,0,0,0,0,0,0,0,0,0,0,0,0,0,0,0,0,0,0,0,
0,0,0,0,0,0,0,0,0,0,0,0,0,0,0,0,0,0,0,1,1,3,3,2,4,
5,5,5,5,5,5,7,7,5,7,5,7,5,7,5,7,5,7,7,7,5,7,5,7,5,
7,5,7,5,7,5,7,5,7,5,7,5,7,5,7,5,7,5,7,7,7,5,5,6,1,
3,3,2,2,0,0,0,0,0,0,0,0,0,0,0,0,0,0,0,0,0,0,0,0,0,
0,0,0,0,0,0,0,0,0,0,0,0,0,0,0,0,0,0,0,0,0,0,0,0,0,
0,0,0,0,0,0,0,0,0,0,0,0,0,0,0,0,0,0,0,0,0,0,0,0,0,
0,0,0,0,0,0,0,0,0,0,0,0,0,0,0,0,0,0,0,0,0,0,0,0,0,
0,0,0,0,1,1,3,3,2,4,5,5,5,5,5,7,7,5,7,5,7,5,7,5,7,
5,7,5,7,5,7,5,7,5,7,5,7,5,7,5,7,5,7,5,7,5,7,5,7,5,
7,5,7,7,7,7,5,5,6,1,3,3,2,2,0,0,0,0,0,0,0,0,0,0,0,
0,0,0,0,0,0,0,0,0,0,0,0,0,0,0,0,0,0,0,0,0,0,0,0,0,
0,0,0,0,0,0,0,0,0,0,0,0,0,0,0,0,0,0,0,0,0,0,0,0,0,
0,0,0,0,0,0,0,0,0,0,0,0,0,0,0,0,0,0,0,0,0,0,0,0,0,
0,0,0,0,0,0,0,0,0,0,0,0,0,0,1,1,3,3,2,4,5,5,5,5,5,
7,5,7,5,7,7,7,7,7,5,7,5,7,5,7,5,7,5,7,5,7,5,7,5,7,
5,7,5,7,5,7,5,7,5,7,5,7,5,7,7,7,5,5,6,1,3,3,2,2,0,
0,0,0,0,0,0,0,0,0,0,0,0,0,0,0,0,0,0,0,0,0,0,0,0,0,
0,0,0,0,0,0,0,0,0,0,0,0,0,0,0,0,0,0,0,0,0,0,0,0,0,
0,0,0,0,0,0,0,0,0,0,0,0,0,0,0,0,0,0,0,0,0,0,0,0,0,
0,0,0,0,0,0,0,0,0,0,0,0,0,0,0,0,0,0,0,0,0,0,0,0,1,
1,3,3,2,4,5,5,5,5,7,5,7,5,7,5,7,7,7,7,7,5,7,5,7,5,
7,5,7,5,7,5,7,5,7,5,7,5,7,5,7,5,7,5,7,5,7,5,7,7,7,
7,5,5,6,1,3,3,2,2,0,0,0,0,0,0,0,0,0,0,0,0,0,0,0,0,
0,0,0,0,0,0,0,0,0,0,0,0,0,0,0,0,0,0,0,0,0,0,0,0,0,
0,0,0,0,0,0,0,0,0,0,0,0,0,0,0,0,0,0,0,0,0,0,0,0,0,
0,0,0,0,0,0,0,0,0,0,0,0,0,0,0,0,0,0,0,0,0,0,0,0,0,
0,0,0,0,0,0,0,0,0,1,1,3,3,2,4,5,5,5,7,5,7,5,7,5,7,
7,7,7,7,5,7,5,7,5,7,5,7,5,7,5,7,5,7,5,7,5,7,5,7,5,
7,5,7,5,7,5,7,7,7,7,7,5,5,6,1,3,3,2,2,0,0,0,0,0,0,
0,0,0,0,0,0,0,0,0,0,0,0,0,0,0,0,0,0,0,0,0,0,0,0,0,
0,0,0,0,0,0,0,0,0,0,0,0,0,0,0,0,0,0,0,0,0,0,0,0,0,
0,0,0,0,0,0,0,0,0,0,0,0,0,0,0,0,0,0,0,0,0,0,0,0,0,
0,0,0,0,0,0,0,0,0,0,0,0,0,0,0,0,0,0,0,1,1,3,3,2,4,
5,5,5,7,7,5,7,5,7,7,7,7,7,7,7,5,7,5,7,5,7,5,7,5,7,
5,7,5,7,5,7,5,7,7,7,5,7,5,7,5,7,7,7,7,7,7,5,5,6,1,
3,3,2,2,0,0,0,0,0,0,0,0,0,0,0,0,0,0,0,0,0,0,0,0,0,
0,0,0,0,0,0,0,0,0,0,0,0,0,0,0,0,0,0,0,0,0,0,0,0,0,
0,0,0,0,0,0,0,0,0,0,0,0,0,0,0,0,0,0,0,0,0,0,0,0,0,
0,0,0,0,0,0,0,0,0,0,0,0,0,0,0,0,0,0,0,0,0,0,0,0,0,
0,0,0,0,1,1,3,3,2,4,5,5,5,7,5,7,5,7,5,7,5,7,7,7,5,
7,5,7,5,7,5,7,5,7,5,7,5,7,5,7,5,7,5,5,7,7,5,7,5,7,
7,7,7,7,7,7,5,5,6,1,3,3,2,2,0,0,0,0,0,0,0,0,0,0,0,
0,0,0,0,0,0,0,0,0,0,0,0,0,0,0,0,0,0,0,0,0,0,0,0,0,
0,0,0,0,0,0,0,0,0,0,0,0,0,0,0,0,0,0,0,0,0,0,0,0,0,
0,0,0,0,0,0,0,0,0,0,0,0,0,0,0,0,0,0,0,0,0,0,0,0,0,
0,0,0,0,0,0,0,0,0,0,0,0,0,0,1,1,3,3,2,4,5,5,7,5,7,
5,7,5,7,5,7,5,7,5,7,5,7,5,7,5,7,5,7,5,7,5,7,5,7,5,
7,5,5,5,5,7,7,5,7,5,7,7,7,7,7,5,5,5,6,1,3,3,2,2,0,
0,0,0,0,0,0,0,0,0,0,0,0,0,0,0,0,0,0,0,0,0,0,0,0,0,
0,0,0,0,0,0,0,0,0,0,0,0,0,0,0,0,0,0,0,0,0,0,0,0,0,
0,0,0,0,0,0,0,0,0,0,0,0,0,0,0,0,0,0,0,0,0,0,0,0,0,
0,0,0,0,0,0,0,0,0,0,0,0,0,0,0,0,0,0,0,0,0,0,0,0,1,
1,3,3,2,4,5,5,7,7,5,7,5,7,5,7,5,7,5,7,5,7,5,7,5,7,
5,7,5,7,5,7,5,7,5,7,5,5,5,5,5,7,7,7,5,7,7,7,7,7,5,
5,5,5,6,1,3,3,2,2,0,0,0,0,0,0,8,8,8,8,8,8,8,8,8,8,
8,8,8,8,8,8,8,8,8,8,8,8,8,8,8,8,8,8,8,8,8,8,8,8,8,
8,8,8,8,8,8,8,8,8,8,8,8,8,8,8,8,8,8,8,8,8,8,8,8,8,
8,8,8,8,8,8,8,8,8,8,8,8,8,8,8,8,8,8,8,8,8,8,8,8,8,
8,8,8,8,8,8,8,8,8,8,8,8,8,8,8,8,8,7,5,7,5,7,7,7,5,
7,5,7,5,7,5,7,5,7,5,7,5,7,5,7,5,7,5,7,7,5,5,5,5,5,
5,7,7,5,7,7,7,7,5,5,5,5,5,6,1,3,3,2,2,0,0,0,0,0,0,
8,8,8,8,8,8,8,8,8,8,8,8,8,8,8,8,8,8,8,8,8,8,8,8,8,
8,8,8,8,8,8,8,8,8,8,8,8,8,8,8,8,8,8,8,8,8,8,8,8,8,
8,8,8,8,8,8,8,8,8,8,8,8,8,8,8,8,8,8,8,8,8,8,9,8,8,
8,8,8,8,8,8,8,8,8,8,8,8,8,8,8,8,8,8,8,8,8,8,8,8,8,
8,9,7,7,5,7,7,7,7,7,5,7,5,7,5,7,5,7,5,7,5,7,5,7,5,
7,5,7,5,7,5,5,5,5,5,7,7,7,5,7,7,7,5,5,5,5,5,5,6,1,
3,3,2,2,0,0,0,0,0,0,10,10,10,10,10,10,10,10,10,10,10,10,10,10,10,
10,10,10,10,10,10,10,10,10,10,10,10,10,10,10,10,10,10,10,10,10,10,10,10,10,
10,10,10,10,10,10,10,10,10,10,10,10,10,10,10,10,10,10,10,10,10,10,10,10,10,
10,10,10,10,10,10,10,9,8,10,10,10,10,10,10,10,10,10,10,10,10,10,10,10,10,
10,10,10,10,10,10,10,10,10,10,9,9,7,5,7,5,7,7,7,7,7,5,7,5,7,
5,7,5,7,5,7,5,7,5,7,5,7,5,7,5,7,5,5,5,7,7,7,5,7,7,
7,7,7,5,5,5,5,5,6,1,3,3,2,2,0,0,0,0,0,0,10,10,10,10,10,
10,10,10,10,10,10,10,10,10,10,10,10,10,10,10,10,10,10,10,10,10,10,10,10,10,
10,10,10,10,10,10,10,10,10,10,10,10,10,10,10,10,10,10,10,10,10,10,10,10,10,
10,10,10,10,10,10,10,10,10,10,10,10,10,10,10,10,10,9,8,10,10,10,10,10,10,
10,10,10,10,10,10,10,10,10,10,10,10,10,10,10,10,10,10,10,10,9,9,7,7,5,
7,5,7,7,7,5,7,5,7,5,7,5,7,5,7,5,7,5,7,5,7,5,7,5,7,
5,7,7,7,7,7,5,7,5,7,7,7,7,7,5,5,5,5,6,1,3,3,2,2,0,
0,0,0,0,0,10,10,10,10,10,10,10,10,10,10,10,10,10,10,10,10,10,10,10,10,
10,10,10,10,10,10,10,10,10,10,10,10,10,10,10,10,10,10,10,10,10,10,10,10,10,
10,10,10,10,10,10,10,10,10,10,10,10,10,10,10,10,10,10,10,10,10,10,10,10,10,
10,10,9,8,10,10,10,10,10,10,10,10,10,10,10,10,10,10,10,10,10,10,10,10,10,
10,10,10,10,10,9,9,7,5,7,5,7,5,7,5,7,5,7,5,7,5,7,5,7,5,
7,5,7,5,7,5,7,5,7,5,7,5,7,7,7,5,7,5,7,5,7,7,7,7,5,
5,5,5,6,1,3,3,2,2,0,0,0,0,0,0,10,10,10,10,10,10,10,10,10,10,
10,10,10,10,10,10,10,10,10,10,10,10,10,10,10,10,10,10,10,10,10,10,10,10,10,
10,10,10,10,10,10,10,10,10,10,10,10,10,10,10,10,10,10,10,10,10,10,10,10,10,
10,10,10,10,10,10,10,10,10,10,10,10,9,8,10,10,10,10,10,10,10,10,10,10,10,
10,10,10,10,10,10,10,10,10,10,10,10,10,10,10,9,9,7,7,5,7,5,7,5,7,
5,7,5,7,5,7,5,7,5,7,5,7,5,7,5,7,5,7,5,7,5,7,5,7,5,
7,5,7,5,7,5,7,7,7,5,5,5,5,6,1,3,3,2,2,0,0,0,0,0,0,
10,10,10,10,10,10,10,10,10,10,10,10,10,10,10,10,10,10,10,10,10,10,10,10,10,
10,10,10,10,10,10,10,10,10,10,10,10,10,10,10,10,10,10,10,10,10,10,10,10,10,
10,10,10,10,10,10,10,10,10,10,10,10,10,10,10,10,10,10,10,10,10,10,9,8,10,
10,10,10,10,10,10,10,10,10,10,10,10,10,10,10,10,10,10,10,10,10,10,10,10,10,
9,9,7,5,7,5,7,5,7,5,7,5,7,5,7,5,7,5,7,5,7,5,7,5,7,
5,7,5,7,5,7,5,7,5,7,5,7,5,7,5,7,7,7,7,5,5,5,5,6,1,
3,3,2,2,0,0,0,0,0,0,10,10,10,10,10,10,10,10,10,10,10,10,10,10,10,
10,10,10,10,10,10,10,10,10,10,10,10,10,10,10,10,10,10,10,10,10,10,10,10,10,
10,10,10,10,10,10,10,10,10,10,10,10,10,10,10,10,10,10,10,10,10,10,10,10,10,
10,10,10,10,10,10,10,9,8,10,10,10,10,10,10,10,10,10,10,10,10,10,10,10,10,
10,10,10,10,10,10,10,10,10,10,9,9,7,7,5,7,5,7,5,7,5,7,5,7,5,
7,5,7,5,7,5,7,5,7,5,7,5,7,5,7,5,7,5,7,5,7,5,7,5,7,
5,7,7,7,5,5,5,5,6,1,3,3,2,2,0,0,0,0,0,0,10,10,10,10,10,
10,10,10,10,10,10,10,10,10,10,10,10,10,10,10,10,10,10,10,10,10,10,10,10,10,
10,10,10,10,10,10,10,10,10,10,10,10,10,10,10,10,10,10,10,10,10,10,10,10,10,
10,10,10,10,10,10,10,10,10,10,10,10,10,10,10,10,10,9,8,10,10,10,10,10,10,
10,10,10,10,10,10,10,10,10,10,10,10,10,10,10,10,10,10,10,10,9,9,7,7,7,
5,7,5,7,5,7,5,7,5,7,5,7,5,7,5,7,5,7,5,7,5,7,5,7,5,
7,5,7,5,7,5,7,5,7,5,7,7,7,7,5,5,5,5,6,1,3,3,2,2,0,
0,0,0,0,0,9,9,9,9,9,9,9,9,9,9,9,9,9,9,9,9,9,9,9,9,
9,9,9,9,9,9,9,9,9,9,9,9,9,9,9,9,9,9,9,9,9,9,9,9,9,
9,9,9,9,9,9,9,9,9,9,9,9,9,9,9,9,9,9,9,9,9,9,9,9,9,
9,9,9,8,9,9,9,9,9,9,9,9,9,9,9,9,9,9,9,9,9,9,9,10,10,
10,10,10,10,10,9,9,5,7,5,7,5,7,5,7,5,7,5,7,5,7,5,7,5,7,
5,7,5,7,5,7,5,7,5,7,5,7,5,7,5,7,5,7,5,7,5,7,7,7,5,
5,5,5,6,1,3,3,2,2,0,0,0,0,0,0,8,8,8,8,8,8,8,8,8,8,
8,8,8,8,8,8,8,8,8,8,8,8,8,8,8,8,8,8,8,8,8,8,8,8,8,
8,8,8,8,8,8,8,8,8,8,8,8,8,8,8,8,8,8,8,8,8,8,8,8,8,
8,8,8,8,8,8,8,8,8,8,8,8,8,8,8,8,8,8,8,8,8,8,8,8,8,
8,8,8,8,8,8,8,8,10,10,10,10,10,10,10,9,9,5,7,7,5,7,5,7,5,
7,5,7,5,7,5,7,5,7,5,7,5,7,5,7,5,7,5,7,5,7,5,7,5,7,
5,7,5,7,5,7,7,7,7,5,5,5,5,6,1,3,3,2,2,0,0,0,0,0,0,
10,10,10,10,10,10,10,10,10,10,10,10,10,10,10,10,10,10,10,10,10,10,10,10,10,
10,10,10,10,10,10,10,10,10,10,10,10,10,10,10,10,10,10,10,10,10,10,10,10,10,
10,10,10,9,8,10,10,10,10,10,10,10,10,10,10,10,10,10,10,10,10,10,9,8,10,
10,10,10,10,10,10,10,10,10,10,10,10,10,10,10,10,9,8,10,10,10,10,10,10,10,
9,9,5,5,7,7,5,7,5,7,5,7,5,7,5,7,5,7,5,7,5,7,5,7,5,
7,5,7,5,7,5,7,5,7,5,7,5,7,5,7,7,7,7,7,5,5,5,5,6,1,
3,3,2,2,0,0,0,0,0,0,10,10,10,10,10,10,10,10,10,10,10,10,10,10,10,
10,10,10,10,10,10,10,10,10,10,10,10,10,10,10,10,10,10,10,10,10,10,10,10,10,
10,10,10,10,10,10,10,10,10,10,10,10,10,9,8,10,10,10,10,10,10,10,10,10,10,
10,10,10,10,10,10,10,9,8,10,10,10,10,10,10,10,10,10,10,10,10,10,10,10,10,
10,9,8,10,10,10,10,10,10,10,9,9,5,5,7,5,7,5,7,5,7,5,7,5,7,
5,7,5,7,5,7,5,7,5,7,5,7,5,7,5,7,5,7,5,7,5,7,5,7,7,
7,7,7,5,5,5,5,5,6,1,3,3,2,2,0,0,0,0,0,0,10,10,10,10,10,
10,10,10,10,10,10,10,10,10,10,10,10,10,10,10,10,10,10,10,10,10,10,10,10,10,
10,10,10,10,10,10,10,10,10,10,10,10,10,10,10,10,10,10,10,10,10,10,10,9,8,
10,10,10,10,10,10,10,10,10,10,10,10,10,10,10,10,10,9,8,10,10,10,10,10,10,
10,10,10,10,10,10,10,10,10,10,10,9,8,10,10,10,10,10,10,10,9,9,5,5,5,
7,5,7,5,7,5,7,5,7,5,7,5,7,5,7,5,7,5,7,5,7,5,7,5,7,
5,7,5,7,5,7,5,7,7,7,7,7,5,5,5,5,5,5,6,1,3,3,2,2,0,
0,0,0,0,0,10,10,10,10,10,10,10,10,10,10,10,10,10,10,10,10,10,10,10,10,
10,10,10,10,10,10,10,10,10,10,10,10,10,10,10,10,10,10,10,10,10,10,10,10,10,
10,10,10,10,10,10,10,10,9,8,10,10,10,10,10,10,10,10,10,10,10,10,10,10,10,
10,10,9,8,10,10,10,8,8,8,8,8,8,8,8,8,8,8,10,10,10,9,8,10,10,
10,10,10,10,10,9,9,5,5,5,5,7,5,7,5,7,5,7,5,7,5,7,5,7,5,
7,5,7,5,7,5,7,5,7,5,7,5,7,5,7,7,7,7,7,7,7,5,5,5,5,
5,5,5,6,1,3,3,2,2,0,0,0,0,0,0,10,10,10,10,10,10,10,10,10,10,
10,10,10,10,10,10,10,10,10,10,10,10,10,10,10,10,10,10,10,10,10,10,10,10,10,
10,10,10,10,10,10,10,10,10,10,10,10,10,10,10,10,10,10,9,8,10,10,10,10,10,
10,10,10,10,10,10,10,10,10,10,10,10,9,8,10,10,10,8,10,10,10,10,10,10,10,
10,10,9,10,10,10,9,8,10,10,10,10,10,10,10,9,9,5,5,5,5,5,7,5,7,
5,7,5,7,5,7,5,7,5,7,5,7,5,7,5,7,5,7,5,7,5,7,5,7,7,
7,7,7,7,7,5,5,5,5,5,5,5,5,6,1,3,3,2,2,0,0,0,0,0,0,
10,10,10,10,10,10,10,10,10,10,10,10,10,10,10,10,10,10,10,10,10,10,10,10,10,
10,10,10,10,10,10,10,10,10,10,10,10,10,10,10,10,10,10,10,10,10,10,10,10,10,
10,10,10,9,8,10,10,10,10,10,10,10,10,10,10,10,10,10,10,10,10,10,9,8,10,
10,10,8,10,10,10,10,10,10,10,10,10,9,10,10,10,9,8,10,10,10,10,10,10,10,
9,9,5,5,5,5,5,5,7,7,7,5,7,5,7,5,7,5,7,5,7,5,7,5,7,
5,7,5,7,5,7,7,7,7,7,7,7,7,7,5,5,5,5,5,5,5,5,5,6,1,
3,3,2,2,0,0,0,0,0,0,10,10,10,10,10,10,10,10,10,10,10,10,10,10,10,
10,10,10,10,10,10,10,10,10,10,10,10,10,10,10,10,10,10,10,10,10,10,10,10,10,
10,10,10,10,10,10,10,10,10,10,10,10,10,9,8,10,10,10,10,10,10,8,8,8,8,
10,10,10,10,10,10,10,9,8,10,10,10,8,10,10,10,10,10,10,10,10,10,9,10,10,
10,9,8,10,10,10,10,10,10,10,9,9,5,5,5,5,5,5,5,5,7,7,5,7,5,
7,5,7,5,7,5,7,5,7,5,7,5,7,5,7,7,7,7,7,7,7,7,7,5,5,
5,5,5,5,5,5,5,5,6,1,3,3,2,2,0,0,0,0,0,0,10,10,10,10,10,
10,10,10,10,10,10,10,10,10,10,10,10,10,10,10,10,10,10,10,10,10,10,10,10,10,
10,10,10,10,10,10,10,10,10,10,10,10,10,10,10,10,10,10,10,10,10,10,10,9,8,
10,10,10,10,10,10,8,10,10,9,10,10,10,10,10,10,10,9,8,10,10,10,8,10,10,
10,10,10,10,10,10,10,9,10,10,10,9,8,10,10,10,10,10,10,10,9,9,5,5,5,
5,5,5,5,5,5,5,7,7,7,7,7,7,7,7,7,7,7,7,7,7,7,7,7,7,
7,7,7,7,7,7,7,5,5,5,5,5,5,5,5,5,5,5,6,1,3,3,2,2,0,
0,0,0,0,0,10,10,10,10,10,10,10,10,10,10,10,10,10,10,10,10,10,10,10,10,
10,10,10,10,10,10,10,10,10,10,10,10,10,10,10,10,10,10,10,10,10,10,10,10,10,
10,10,10,10,10,10,10,10,9,8,10,10,10,10,10,10,8,10,10,9,10,10,10,10,10,
10,10,9,8,10,10,10,8,10,10,10,10,10,10,10,10,10,9,10,10,10,9,8,10,10,
10,10,10,10,10,9,9,5,5,5,5,5,5,5,5,5,5,5,7,7,7,7,7,7,7,
7,7,7,7,7,7,7,7,7,7,7,7,7,7,7,7,5,5,5,5,5,5,5,5,5,
5,5,5,6,1,3,3,2,2,0,0,0,0,0,0,10,10,10,10,10,10,10,10,10,10,
10,10,10,10,10,10,10,10,10,10,10,10,10,10,10,10,10,10,10,10,10,10,10,10,10,
10,10,10,10,10,10,10,10,10,10,10,10,10,10,10,10,10,10,9,8,10,10,10,10,10,
10,8,9,9,9,10,10,10,10,10,10,10,9,8,10,10,10,8,10,10,10,10,10,10,10,
10,10,9,10,10,10,9,8,10,10,10,10,10,10,10,9,9,5,5,5,5,5,5,5,5,
5,5,5,5,7,7,7,7,7,7,7,7,7,7,7,7,7,7,7,7,7,7,7,5,5,
5,5,5,5,5,5,5,5,5,5,5,5,5,6,1,3,3,2,2,0,0,0,0,0,0,
10,10,10,10,10,10,10,10,10,10,10,10,10,10,10,10,10,10,10,10,10,10,10,10,10,
10,10,10,10,10,10,10,10,10,10,10,10,10,10,10,10,10,10,10,10,10,10,10,10,10,
10,10,10,9,8,10,10,10,10,10,10,10,10,10,10,10,10,10,10,10,10,10,9,8,10,
10,10,8,10,10,10,10,10,10,10,10,10,9,10,10,10,9,8,10,10,10,10,10,10,10,
9,9,5,5,5,5,5,5,5,5,5,5,5,5,5,5,5,5,5,5,5,5,5,5,5,
5,5,5,5,5,5,5,5,5,5,5,5,5,5,5,5,5,5,5,5,5,5,5,6,1,
3,3,2,2,0,0,0,0,0,0,10,10,10,10,10,10,10,10,10,10,10,10,10,10,10,
10,10,10,10,10,10,10,10,10,10,10,10,10,10,10,10,10,10,10,10,10,10,10,10,10,
10,10,10,10,10,10,10,10,10,10,10,10,10,9,8,10,10,10,10,10,10,10,10,10,10,
10,10,10,10,10,10,10,9,8,10,10,10,8,10,10,10,10,10,10,10,10,10,9,10,10,
10,9,8,10,10,10,10,10,10,10,9,9,5,5,5,5,5,5,5,5,5,5,5,5,5,
5,5,5,5,5,5,5,5,5,5,5,5,5,5,5,5,5,5,5,5,5,5,5,5,5,
5,5,5,5,5,5,5,5,6,1,3,3,2,2,0,0,0,0,0,0,10,10,10,10,10,
10,10,10,10,10,10,10,10,10,10,10,10,10,10,10,10,10,10,10,10,10,10,10,10,10,
10,10,10,10,10,10,10,10,10,10,10,10,10,10,10,10,10,10,10,10,10,10,10,9,8,
10,10,10,10,10,10,10,10,10,10,10,10,10,10,10,10,10,9,8,10,10,10,8,10,10,
10,10,10,10,10,10,10,9,10,10,10,9,8,10,10,10,10,10,10,10,9,9,6,6,6,
6,6,6,6,6,6,6,6,6,6,6,6,6,6,6,6,6,6,6,6,6,6,6,6,6,
6,6,6,6,6,6,6,6,6,6,6,6,6,6,6,6,6,6,6,1,3,3,2,2,0,
0,0,0,0,0,10,10,10,10,10,10,10,10,10,10,10,10,10,10,10,10,10,10,10,10,
10,10,10,10,10,10,10,10,10,10,10,10,10,10,10,10,10,10,10,10,10,10,10,10,10,
10,10,10,10,10,10,10,10,9,8,10,10,10,10,10,10,10,10,10,10,10,10,10,10,10,
10,10,9,8,10,10,10,8,9,9,9,9,9,9,9,9,9,9,10,10,10,9,8,10,10,
10,10,10,10,10,9,9,1,1,1,1,1,1,1,1,1,1,1,1,1,1,1,1,1,1,
1,1,1,1,1,1,1,1,1,1,1,1,1,1,1,1,1,1,1,1,1,1,1,1,1,
1,1,1,1,1,3,3,2,2,0,0,0,0,0,0,10,10,10,10,10,10,10,10,10,10,
10,10,10,10,10,10,10,10,10,10,10,10,10,10,10,10,10,10,10,10,10,10,10,10,10,
10,10,10,10,10,10,10,10,10,10,10,10,10,10,10,10,10,10,9,8,10,10,10,10,10,
10,10,10,10,10,10,10,10,10,10,10,10,9,8,10,10,10,10,10,10,10,10,10,10,10,
10,10,10,10,10,10,9,8,10,10,10,10,10,10,10,9,9,3,3,3,3,3,3,3,3,
3,3,3,3,3,3,3,3,3,3,3,3,3,3,3,3,3,3,3,3,3,3,3,3,3,
3,3,3,3,3,3,3,3,3,3,3,3,3,3,3,3,3,2,2,0,0,0,0,0,0,
10,10,10,10,10,10,10,10,10,10,10,10,10,10,10,10,10,10,10,10,10,10,10,10,10,
10,10,10,10,10,10,10,10,10,10,10,10,10,10,10,10,10,10,10,10,10,10,10,10,10,
10,10,10,9,8,10,10,10,10,10,10,10,10,10,10,10,10,10,10,10,10,10,9,8,10,
10,10,10,10,10,10,10,10,10,10,10,10,10,10,10,10,9,8,10,10,10,10,10,10,10,
9,9,3,3,3,3,3,3,3,3,3,3,3,3,3,3,3,3,3,3,3,3,3,3,3,
3,3,3,3,3,3,3,3,3,3,3,3,3,3,3,3,3,3,3,3,3,3,3,3,3,
3,3,2,2,0,0,0,0,0,0,10,10,10,10,10,10,10,10,10,10,10,10,10,10,10,
10,10,10,10,10,10,10,10,10,10,10,10,10,10,10,10,10,10,10,10,10,10,10,10,10,
10,10,10,10,10,10,10,10,10,10,10,10,10,9,8,10,10,10,10,10,10,10,10,10,10,
10,10,10,10,10,10,10,9,8,10,10,10,10,10,10,10,10,10,10,10,10,10,10,10,10,
10,9,8,10,10,10,10,10,10,10,9,9,2,2,2,2,2,2,2,2,2,2,2,2,2,
2,2,2,2,2,2,2,2,2,2,2,2,2,2,2,2,2,2,2,2,2,2,2,2,2,
2,2,2,2,2,2,2,2,2,2,2,2,2,2,0,0,0,0,0,0,9,9,9,9,9,
9,9,9,9,9,9,9,9,9,9,9,9,9,9,9,9,9,9,9,9,9,9,9,9,9,
9,9,9,9,9,9,9,9,9,9,9,9,9,9,9,9,9,9,9,9,9,9,9,9,8,
9,9,9,9,9,9,9,9,9,9,9,9,9,9,9,9,9,9,8,9,9,9,9,9,9,
9,9,9,9,9,9,9,9,9,9,9,9,8,9,9,9,9,9,9,9,9,9,1,1,1,
1,1,1,1,1,1,1,1,1,1,1,1,1,1,1,1,1,1,1,1,1,1,1,1,1,
1,1,1,1,1,1,1,1,1,1,1,1,1,1,1,1,1,1,1,1,1,1,1,2,0,
0,0,0,0,0,11,11,11,11,11,11,11,11,11,11,11,11,11,11,11,11,11,11,11,11,
11,11,11,11,11,11,11,11,11,11,11,11,11,11,11,11,11,11,11,11,11,11,11,11,11,
11,11,11,11,11,11,11,11,11,11,11,11,11,11,11,11,11,11,11,11,11,11,11,11,11,
11,11,11,11,11,11,11,11,11,11,11,11,11,11,11,11,11,11,11,11,11,11,8,8,8,
8,8,8,8,8,8,9,3,3,3,3,3,3,3,3,3,3,3,3,3,3,3,3,3,3,
3,3,3,3,3,3,3,3,3,3,3,3,3,3,3,3,3,3,3,3,3,3,3,3,3,
3,3,3,3,3,3,3,2,2,0,0,0,0,0,0,12,12,12,12,12,12,12,12,12,12,
12,12,12,12,12,12,12,12,12,12,12,12,12,12,12,12,12,12,12,12,12,12,12,12,12,
12,12,12,12,12,12,12,12,12,12,12,12,12,12,12,12,12,12,12,12,12,12,12,12,12,
12,12,12,12,12,12,12,12,12,12,12,12,12,12,12,12,12,12,12,12,12,12,12,12,12,
12,12,12,12,12,12,13,8,10,10,10,10,10,10,10,9,9,3,3,3,3,3,3,3,3,
3,3,3,3,3,3,3,3,3,3,3,3,3,3,3,3,3,3,3,3,3,3,3,3,3,
3,3,3,3,3,3,3,3,3,3,3,3,3,3,3,3,3,2,2,0,0,0,0,0,0,
12,12,12,12,12,12,12,12,12,12,12,12,12,12,12,12,12,12,12,12,12,12,12,12,12,
12,12,12,12,12,12,12,12,12,12,12,12,12,12,12,12,12,12,12,12,12,12,12,12,12,
12,12,12,12,12,12,12,12,12,12,12,12,12,12,12,12,12,12,12,12,12,12,12,12,12,
12,12,12,12,12,12,12,12,12,12,12,12,12,12,12,12,13,8,10,10,10,10,10,10,10,
9,9,3,3,3,3,3,3,3,3,3,3,3,3,3,3,3,3,3,3,3,3,3,3,3,
3,3,3,3,3,3,3,3,3,3,3,3,3,3,3,3,3,3,3,3,3,3,3,3,3,
3,3,2,2,0,0,0,0,0,0,12,12,12,12,12,12,12,12,12,12,12,12,12,12,12,
12,12,12,12,12,12,12,12,12,12,12,12,12,12,12,12,12,12,12,12,12,12,12,12,12,
12,12,12,12,12,12,12,12,12,12,12,12,12,12,12,12,12,12,12,12,12,12,12,12,12,
12,12,12,12,12,12,12,12,12,12,12,12,12,12,12,12,12,12,12,12,12,12,12,12,12,
12,13,8,10,10,10,10,10,10,10,9,9,3,3,3,3,3,3,3,3,3,3,3,3,3,
3,3,3,3,3,3,3,3,3,3,3,3,3,3,3,3,3,3,3,3,3,3,3,3,3,
3,3,3,3,3,3,3,3,3,3,3,3,2,2,0,0,0,0,0,0,12,12,12,12,12,
12,12,12,12,12,12,12,12,12,12,12,12,12,12,12,12,12,12,12,12,12,12,12,12,12,
12,12,12,12,12,12,12,12,12,12,12,12,12,12,12,12,12,12,12,12,12,12,12,12,12,
12,12,12,12,12,12,12,12,12,12,12,12,12,12,12,12,12,12,12,12,12,12,12,12,12,
12,12,12,12,12,12,12,12,12,12,12,13,8,10,10,10,10,10,10,10,9,9,3,3,14,
14,14,14,3,14,3,3,3,3,3,3,3,3,3,3,3,3,3,3,3,3,3,3,3,3,
3,3,3,3,3,3,3,3,3,3,3,3,3,3,3,3,3,3,3,3,3,3,2,2,0,
0,0,0,0,0,12,12,12,12,12,12,12,12,12,12,12,12,12,12,12,12,12,12,12,12,
12,12,12,12,12,12,12,12,12,12,12,12,12,12,12,12,12,12,12,12,12,12,12,12,12,
12,12,12,12,12,12,12,12,12,12,12,12,12,12,12,12,12,12,12,12,12,12,12,12,12,
12,12,12,12,12,12,12,12,12,12,12,12,12,12,12,12,12,12,12,12,12,13,8,10,10,
10,10,10,10,10,9,9,3,14,14,3,3,3,14,14,3,3,3,3,3,3,3,3,3,3,
3,3,3,3,3,3,14,3,3,3,3,3,3,3,3,3,3,3,3,3,3,3,3,3,3,
3,3,3,3,3,3,3,2,2,0,0,0,0,0,0,12,12,12,12,12,12,12,12,12,12,
12,12,12,12,12,12,12,12,12,12,12,12,12,12,12,12,12,12,12,12,12,12,12,12,12,
12,12,12,12,12,12,12,12,12,12,12,12,12,12,12,12,12,12,12,12,12,12,12,12,12,
12,12,12,12,12,12,12,12,12,12,12,12,12,12,12,12,12,12,12,12,12,12,12,12,12,
12,12,12,12,12,12,13,8,10,10,10,10,10,10,10,9,9,14,14,3,3,3,3,3,14,
3,3,3,3,3,3,3,3,3,3,3,3,3,3,3,14,14,3,3,3,3,3,3,3,3,
3,3,3,3,3,3,3,3,3,3,3,3,3,3,3,3,3,2,2,0,0,0,0,0,0,
12,12,12,12,12,12,12,12,12,12,12,12,12,12,12,12,12,12,12,12,12,12,12,12,12,
12,12,12,12,12,12,12,12,12,12,12,12,12,12,12,12,12,12,12,12,12,12,12,12,12,
12,12,12,12,12,12,12,12,12,12,12,12,12,12,12,12,12,12,12,12,12,12,12,12,12,
12,12,12,12,12,12,12,12,12,12,12,12,12,12,12,12,13,8,10,10,10,10,10,10,10,
9,9,14,14,3,3,3,3,3,14,14,14,14,3,14,14,14,3,3,14,14,14,14,3,14,
14,14,14,3,3,14,14,14,14,3,3,14,14,14,3,14,14,3,3,14,14,3,3,3,3,
3,3,2,2,0,0,0,0,0,0,13,13,13,13,13,13,13,13,13,13,13,13,13,13,13,
13,13,13,13,13,13,13,13,13,13,13,13,13,13,13,13,13,13,13,13,13,13,13,13,13,
13,13,13,13,13,13,13,13,13,13,13,13,13,13,13,13,13,13,13,13,13,13,13,13,13,
13,13,13,13,13,13,13,13,13,13,13,13,13,13,13,13,13,13,13,12,12,12,12,12,12,
12,13,8,10,10,10,10,10,10,10,9,9,14,14,3,3,3,3,3,3,3,14,14,3,3,
14,14,3,14,14,3,3,14,3,3,14,14,3,3,14,14,3,3,14,14,3,3,14,14,14,
3,14,14,14,3,14,14,3,3,3,3,3,2,2,0,0,0,0,0,0,13,13,13,13,13,
13,13,13,13,13,13,13,13,13,13,13,13,13,13,13,13,13,13,13,13,13,13,13,13,13,
13,13,13,13,13,13,13,13,13,13,13,13,13,13,13,13,13,13,13,13,13,13,13,13,13,
13,13,13,13,13,13,13,13,13,13,13,13,13,13,13,13,13,13,13,13,13,13,13,13,13,
13,13,13,11,12,12,12,12,12,12,12,13,8,10,10,10,10,10,10,10,9,9,14,14,3,
3,3,3,3,3,3,14,14,3,3,14,14,3,14,14,14,3,3,3,3,14,14,3,3,14,
14,3,3,14,14,3,3,14,14,3,3,14,14,3,3,14,14,3,3,3,3,3,2,2,0,
0,0,0,0,0,15,15,15,15,15,15,15,15,15,15,15,15,15,15,15,15,15,15,15,15,
15,15,15,15,15,15,15,15,15,15,15,15,15,15,15,15,15,15,15,15,15,15,15,15,15,
15,15,15,15,15,15,15,15,15,15,15,15,15,15,15,15,15,15,15,15,15,15,15,15,15,
15,15,15,15,15,15,15,15,15,15,15,15,11,11,12,12,12,12,12,12,12,13,8,10,10,
10,10,10,10,10,9,9,14,14,3,3,3,3,3,3,3,14,14,3,3,14,14,3,3,14,
14,14,3,3,3,14,14,3,3,14,14,3,3,14,14,3,3,14,14,3,3,14,14,3,3,
14,14,3,3,3,3,3,2,2,0,0,0,0,0,0,15,15,15,15,15,15,15,15,15,15,
15,15,15,15,15,15,15,15,15,15,15,15,15,15,15,15,15,15,15,15,15,15,15,15,15,
15,15,15,15,15,15,15,15,15,15,15,15,15,15,15,15,15,15,15,15,15,15,15,15,15,
15,15,15,15,15,15,15,15,15,15,15,15,15,15,15,15,15,15,15,15,15,16,11,11,12,
12,12,12,12,12,12,13,8,10,10,10,10,10,10,10,9,9,14,14,3,3,3,3,3,14,
3,14,14,3,3,14,14,3,3,3,14,14,14,3,3,14,14,3,14,14,14,3,3,14,14,
3,3,14,14,3,3,14,14,3,3,14,14,3,3,3,3,3,2,2,0,0,0,0,0,0,
17,17,17,17,17,17,17,17,17,17,17,17,17,17,17,17,17,17,17,17,17,17,17,17,17,
17,17,17,17,17,17,17,17,17,17,17,17,17,17,17,17,17,17,17,17,17,17,17,17,17,
17,17,17,17,17,17,17,17,17,17,17,17,17,17,17,17,17,17,17,17,17,17,17,17,17,
17,17,17,17,17,16,16,11,11,12,12,12,12,12,12,12,13,8,10,10,10,10,10,10,10,
9,9,3,14,14,3,3,3,14,14,3,14,14,3,3,14,14,3,14,3,3,14,14,3,3,
14,14,14,3,14,14,3,3,14,14,3,3,14,14,3,3,14,14,3,3,14,14,3,3,3,
3,3,2,2,0,0,0,0,0,0,17,17,17,17,17,17,17,17,17,17,17,17,17,17,17,
17,17,17,17,17,17,17,17,17,17,17,17,17,17,17,17,17,17,17,17,17,17,17,17,17,
17,17,17,17,17,17,17,17,17,17,17,17,17,17,17,17,17,17,17,17,17,17,17,17,17,
17,17,17,17,17,17,17,17,17,17,17,17,17,17,17,16,16,11,11,12,12,12,12,12,12,
12,13,8,10,10,10,10,10,10,10,9,9,3,3,14,14,14,14,14,3,3,3,14,14,14,
3,14,14,14,14,14,14,3,3,3,3,14,14,3,3,14,14,14,14,3,3,14,14,14,14,
3,14,14,14,3,14,14,14,3,3,3,3,2,2,0,0,0,0,0,0,17,17,17,17,17,
17,17,17,17,17,17,17,17,17,17,17,17,17,17,17,17,17,17,17,17,17,17,17,17,17,
17,17,17,17,17,17,17,17,17,17,17,17,17,17,17,17,17,17,17,17,17,17,17,17,17,
17,17,17,17,17,17,17,17,17,17,17,17,17,17,17,17,17,17,17,17,17,17,17,17,17,
16,16,11,11,12,12,12,12,12,12,12,13,8,10,10,10,10,10,10,10,9,9,3,3,3,
3,3,3,3,3,3,3,3,3,3,3,3,3,3,3,3,3,3,3,3,3,3,3,3,3,
3,3,3,3,3,3,3,3,3,3,3,3,3,3,3,3,3,3,3,3,3,3,2,2,0,
0,0,0,0,0,17,17,17,17,17,17,17,17,17,17,17,17,17,17,17,17,17,17,17,17,
17,17,17,17,17,17,17,17,17,17,17,17,17,17,17,17,17,17,17,17,17,17,17,17,17,
17,17,17,17,17,17,17,17,17,17,17,17,17,17,17,17,17,17,17,17,17,17,17,17,17,
17,17,17,17,17,17,17,17,17,17,16,16,11,11,12,12,12,12,12,12,12,13,8,10,10,
10,10,10,10,10,9,9,3,3,3,3,3,3,3,3,3,3,3,3,3,3,3,3,3,3,
3,3,3,3,3,3,3,3,3,3,3,3,3,3,3,3,3,3,3,3,3,3,3,3,3,
3,3,3,3,3,3,3,2,2,0,0,0,0,0,0,17,17,17,17,17,17,17,17,17,17,
17,17,17,17,17,17,17,17,17,17,17,17,17,17,17,17,17,17,17,17,17,17,17,17,17,
17,17,17,17,17,17,17,17,17,17,17,17,17,17,17,17,17,17,17,17,17,17,17,17,17,
17,17,17,17,17,17,17,17,17,17,17,17,17,17,17,17,17,17,17,17,16,16,11,11,12,
12,12,12,12,12,12,13,8,10,10,10,10,10,10,10,9,9,3,3,3,3,3,3,3,3,
3,3,3,3,3,3,3,3,3,3,3,3,3,3,3,3,3,3,3,3,3,3,3,3,3,
3,3,3,3,3,3,3,3,3,3,3,3,3,3,3,3,3,2,2,0,0,0,0,0,0,
17,17,17,17,17,17,17,17,17,17,17,17,17,17,17,17,17,17,17,17,17,17,17,17,17,
17,17,17,17,17,17,17,17,17,17,17,17,17,17,17,17,17,17,17,17,17,17,17,17,17,
17,17,17,17,17,17,17,17,17,17,17,17,17,17,17,17,17,17,17,17,17,17,17,17,17,
17,17,17,17,17,16,16,11,11,12,12,12,12,12,12,12,13,8,10,10,10,10,10,10,10,
9,9,2,2,2,2,2,2,2,2,2,2,2,2,2,2,2,2,2,2,2,2,2,2,2,
2,2,2,2,2,2,2,2,2,2,2,2,2,2,2,2,2,2,2,2,2,2,2,2,2,
2,2,2,2,0,0,0,0,0,0,17,17,17,17,17,17,17,17,17,17,17,17,17,17,17,
17,17,17,17,17,17,17,17,17,17,17,17,17,17,17,17,17,17,17,17,17,17,17,17,17,
17,17,17,17,17,17,17,17,17,17,17,17,17,17,17,17,17,17,17,17,17,17,17,17,17,
17,17,17,17,17,17,17,17,17,17,17,17,17,17,17,16,16,11,11,12,12,12,12,12,12,
12,13,8,10,10,10,10,10,10,10,9,9,2,2,2,2,2,2,2,2,2,2,2,2,2,
2,2,2,2,2,2,2,2,2,2,2,2,2,2,2,2,2,2,2,2,2,2,2,2,2,
2,2,2,2,2,2,2,2,2,2,2,2,2,2,0,0,0,0,0,0,17,17,17,17,17,
17,17,17,17,17,17,17,17,17,17,17,17,17,17,17,17,17,17,17,17,17,17,17,17,17,
17,17,17,17,17,17,17,17,17,17,17,17,17,17,17,17,17,17,17,17,17,17,17,17,17,
17,17,17,17,17,17,17,17,17,17,17,17,17,17,17,17,17,17,17,17,17,17,17,17,17,
16,16,11,11,12,12,12,12,12,12,12,13,8,10,10,10,10,10,10,10,9,9,0,0,0,
0,0,0,0,0,0,0,0,0,0,0,0,0,0,0,0,0,0,0,0,0,0,0,0,0,
0,0,0,0,0,0,0,0,0,0,0,0,0,0,0,0,0,0,0,0,0,0,0,0,0,
0,0,0,0,0,17,17,17,17,17,17,17,17,17,17,17,17,17,17,17,17,17,17,17,17,
17,17,17,17,17,17,17,17,17,17,17,17,17,17,17,17,17,17,17,17,17,17,17,17,17,
17,17,17,17,17,17,17,17,17,17,17,17,17,17,17,17,17,17,17,17,17,17,17,17,17,
17,17,17,17,17,17,17,17,17,17,16,16,11,11,12,12,12,12,12,12,12,13,8,10,10,
10,10,10,10,10,9,9,0,0,0,0,0,0,0,0,0,0,0,0,0,0,0,0,0,0,
0,0,0,0,0,0,0,0,0,0,0,0,0,0,0,0,0,0,0,0,0,0,0,0,0,
0,0,0,0,0,0,0,0,0,0,0,0,0,0,0,17,17,17,17,17,17,17,17,17,17,
17,17,17,17,17,17,17,17,17,17,17,17,17,17,17,17,17,17,17,17,17,17,17,17,17,
17,17,17,17,17,17,17,17,17,17,17,17,17,17,17,17,17,17,17,17,17,17,17,17,17,
17,17,17,17,17,17,17,17,17,17,17,17,17,17,17,17,17,17,17,17,16,16,11,11,12,
12,12,12,12,12,12,13,8,10,10,10,10,10,10,10,9,9,0,0,0,0,0,0,0,0,
0,0,0,0,0,0,0,0,0,0,0,0,0,0,0,0,0,0,0,0,0,0,0,0,0,
0,0,0,0,0,0,0,0,0,0,0,0,0,0,0,0,0,0,0,0,0,0,0,0,0,
17,17,17,17,17,17,17,17,17,17,17,17,17,17,17,17,17,17,17,17,17,17,17,17,17,
17,17,17,17,17,17,17,17,17,17,17,17,17,17,17,17,17,17,17,17,17,17,17,17,17,
17,17,17,17,17,17,17,17,18,18,17,17,17,17,17,17,17,17,17,17,17,17,17,17,17,
17,17,17,17,17,16,16,11,11,12,12,12,12,12,12,12,13,8,10,10,10,10,10,10,10,
9,9,0,0,0,0,0,0,0,0,0,0,0,0,0,0,0,0,0,0,0,0,0,0,0,
0,0,0,0,0,0,0,0,0,0,0,0,0,0,0,0,0,0,0,0,0,0,0,0,0,
0,0,0,0,0,0,0,0,0,0,17,17,17,17,17,17,17,17,17,17,17,17,17,17,17,
17,17,17,17,17,17,17,17,17,17,17,17,17,17,17,17,17,17,17,17,17,17,17,17,17,
17,18,18,17,17,17,18,18,17,17,17,17,17,17,17,17,17,17,18,18,17,17,17,17,17,
17,17,17,17,17,17,17,17,17,17,17,17,17,17,17,16,16,11,11,12,12,12,12,12,12,
12,13,8,10,10,10,10,10,10,10,9,9,0,0,0,0,0,0,0,0,0,0,0,0,0,
0,0,0,0,0,0,0,0,0,0,0,0,0,0,0,0,0,0,0,0,0,0,0,0,0,
0,0,0,0,0,0,0,0,0,0,0,0,0,0,0,0,0,0,0,0,17,17,17,17,17,
17,17,17,17,17,17,17,17,17,17,17,17,17,17,17,17,17,17,17,17,17,17,17,17,17,
17,17,17,17,17,17,17,17,17,17,17,18,18,17,17,17,18,18,17,17,17,17,17,17,17,
17,17,17,18,18,17,17,17,17,17,17,17,17,17,17,17,17,17,17,17,17,17,17,17,17,
16,16,11,11,12,12,12,12,12,12,12,13,8,10,10,10,10,10,10,10,9,9,0,0,0,
0,0,0,0,0,0,0,0,0,0,0,0,0,0,0,0,0,0,0,0,0,0,0,0,0,
0,0,0,0,0,0,0,0,0,0,0,0,0,0,0,0,0,0,0,0,0,0,0,0,0,
0,0,0,0,0,17,17,17,17,17,17,17,17,17,17,17,17,17,17,17,17,17,17,17,17,
17,17,17,17,17,17,17,17,17,17,17,17,17,17,17,17,17,17,17,17,17,18,18,17,17,
17,18,18,17,17,17,18,18,18,18,17,17,17,18,18,17,17,18,18,17,18,18,17,17,17,
17,17,17,17,17,17,17,17,17,17,16,16,11,11,12,12,12,12,12,12,12,13,8,10,10,
10,10,10,10,10,9,9,0,0,0,0,0,0,0,0,0,0,0,0,0,0,0,0,0,0,
0,0,0,0,0,0,0,0,0,0,0,0,0,0,0,0,0,0,0,0,0,0,0,0,0,
0,0,0,0,0,0,0,0,0,0,0,0,0,0,0,17,17,17,17,17,17,17,17,17,17,
17,17,17,17,17,17,17,17,17,17,17,17,17,17,17,17,17,17,17,17,17,17,17,17,17,
17,17,17,17,17,17,18,18,17,17,17,18,18,17,17,18,18,17,17,18,18,17,17,18,18,
17,17,18,18,18,17,18,18,17,17,17,17,17,17,17,17,17,17,17,17,16,16,11,11,12,
12,12,12,12,12,12,13,8,10,10,10,10,10,10,10,9,9,0,0,0,0,0,0,0,0,
0,0,0,0,0,0,0,0,0,0,0,0,0,0,0,0,0,0,0,0,0,0,0,0,0,
0,0,0,0,0,0,0,0,0,0,0,0,0,0,0,0,0,0,0,0,0,0,0,0,0,
17,17,17,17,17,17,17,17,17,17,17,17,17,17,17,17,17,17,17,17,17,17,17,17,17,
17,17,17,17,17,17,17,17,17,17,17,17,17,17,17,17,18,18,18,18,18,18,18,17,17,
18,18,17,17,18,18,17,17,18,18,17,17,18,18,17,17,18,18,17,17,17,17,17,17,17,
17,17,17,17,17,16,16,11,11,12,12,12,12,12,12,12,13,8,10,10,10,10,10,10,10,
9,9,0,0,0,0,0,0,0,0,0,0,0,0,0,0,0,0,0,0,0,0,0,0,0,
0,0,0,0,0,0,0,0,0,0,0,0,0,0,0,0,0,0,0,0,0,0,0,0,0,
0,0,0,0,0,0,0,0,0,0,17,17,17,17,17,17,17,17,17,17,17,17,17,17,17,
17,17,17,17,17,17,17,17,17,17,17,17,17,17,17,17,17,17,17,17,17,17,17,17,17,
17,18,18,17,17,17,18,18,17,17,18,18,18,18,18,18,17,17,18,18,17,17,18,18,17,
17,18,18,17,17,17,17,17,17,17,17,17,17,17,17,16,16,11,11,12,12,12,12,12,12,
12,13,8,10,10,10,10,10,10,10,9,9,0,0,0,0,0,0,0,0,0,0,0,0,0,
0,0,0,0,0,0,0,0,0,0,0,0,0,0,0,0,0,0,0,0,0,0,0,0,0,
0,0,0,0,0,0,0,0,0,0,0,0,0,0,0,0,0,0,0,0,17,17,17,17,17,
17,17,17,17,17,17,17,17,17,17,17,17,17,17,17,17,17,17,17,17,17,17,17,17,17,
17,17,17,17,17,17,17,17,17,17,17,18,18,17,17,17,18,18,17,17,18,18,17,17,17,
17,17,17,18,18,17,17,18,18,17,17,18,18,17,17,17,17,17,17,17,17,17,17,17,17,
16,16,11,11,12,12,12,12,12,12,12,13,8,10,10,10,10,10,10,10,9,9,0,0,0,
0,0,0,0,0,0,0,0,0,0,0,0,0,0,0,0,0,0,0,0,0,0,0,0,0,
0,0,0,0,0,0,0,0,0,0,0,0,0,0,0,0,0,0,0,0,0,0,0,0,0,
0,0,0,0,0,17,17,17,17,17,17,17,17,17,17,17,17,17,17,17,17,17,17,17,17,
17,17,17,17,17,17,17,17,17,17,17,17,17,17,17,17,17,17,17,17,17,18,18,17,17,
17,18,18,17,17,18,18,17,17,17,18,17,17,18,18,17,17,18,18,17,17,18,18,17,17,
17,17,17,17,17,17,17,17,17,17,16,16,11,11,12,12,12,12,12,12,12,13,8,10,10,
10,10,10,10,10,9,9,0,0,0,0,0,0,0,0,0,0,0,0,0,0,0,0,0,0,
0,0,0,0,0,0,0,0,0,0,0,0,0,0,0,0,0,0,0,0,0,0,0,0,0,
0,0,0,0,0,0,0,0,0,0,0,0,0,0,0,17,17,17,17,17,17,17,17,17,17,
17,17,17,17,17,17,17,17,17,17,17,17,17,17,17,17,17,17,17,17,17,17,17,17,17,
17,17,17,17,17,17,18,18,17,17,17,18,18,17,17,17,18,18,18,18,17,17,17,18,18,
17,17,18,18,18,18,18,17,17,17,17,17,17,17,17,17,17,17,17,17,16,16,11,11,12,
12,12,12,12,12,12,13,8,10,10,10,10,10,10,10,9,9,0,0,0,0,0,0,0,0,
0,0,0,0,0,0,0,0,0,0,0,0,0,0,0,0,0,0,0,0,0,0,0,0,0,
0,0,0,0,0,0,0,0,0,0,0,0,0,0,0,0,0,0,0,0,0,0,0,0,0,
17,17,17,17,17,17,17,17,17,17,17,17,17,17,17,17,17,17,17,17,17,17,17,17,17,
17,17,17,17,17,17,17,17,17,17,17,17,17,17,17,17,17,17,17,17,17,17,17,17,17,
17,17,17,17,17,17,17,17,17,17,17,17,18,18,17,17,17,17,17,17,17,17,17,17,17,
17,17,17,17,17,16,16,11,11,12,12,12,12,12,12,12,13,8,10,10,10,10,10,10,10,
9,9,0,0,0,0,0,0,0,0,0,0,0,0,0,0,0,0,0,0,0,0,0,0,0,
0,0,0,0,0,0,0,0,0,0,0,0,0,0,0,0,0,0,0,0,0,0,0,0,0,
0,0,0,0,0,0,0,0,0,0,17,17,17,17,17,17,17,17,17,17,17,17,17,17,17,
17,17,17,17,17,17,17,17,17,17,17,17,17,17,17,17,17,17,17,17,17,17,17,17,17,
17,17,17,17,17,17,17,17,17,17,17,17,17,17,17,17,17,17,17,17,17,17,18,18,17,
17,17,17,17,17,17,17,17,17,17,17,17,17,17,17,16,16,11,11,12,12,12,12,12,12,
12,13,8,10,10,10,10,10,10,10,9,9,0,0,0,0,0,0,0,0,0,0,0,0,0,
0,0,0,0,0,0,0,0,0,0,0,0,0,0,0,0,0,0,0,0,0,0,0,0,0,
0,0,0,0,0,0,0,0,0,0,0,0,0,0,0,0,0,0,0,0,17,17,17,17,17,
17,17,17,17,17,17,17,17,17,17,17,17,17,17,17,17,17,17,17,17,17,17,17,17,17,
17,17,17,17,17,17,17,17,17,17,17,17,17,17,17,17,17,17,17,17,17,17,17,17,17,
17,17,17,17,17,17,17,17,17,17,17,17,17,17,17,17,17,17,17,17,17,17,17,17,17,
16,16,11,11,12,12,12,12,12,12,12,13,8,10,10,10,10,10,10,10,9,9,0,0,0,
0,0,0,0,0,0,0,0,0,0,0,0,0,0,0,0,0,0,0,0,0,0,0,0,0,
0,0,0,0,0,0,0,0,0,0,0,0,0,0,0,0,0,0,0,0,0,0,0,0,0,
0,0,0,0,0,17,17,17,17,17,17,17,17,17,17,17,17,17,17,17,17,17,17,17,17,
17,17,17,17,17,17,17,17,17,17,17,17,17,17,17,17,17,17,17,17,17,17,17,17,17,
17,17,17,17,17,17,17,17,17,17,17,17,17,17,17,17,17,17,17,17,17,17,17,17,17,
17,17,17,17,17,17,17,17,17,17,16,16,11,11,12,12,12,12,12,12,12,13,8,10,10,
10,10,10,10,10,9,9,0,0,0,0,0,0,0,0,0,0,0,0,0,0,0,0,0,0,
0,0,0,0,0,0,0,0,0,0,0,0,0,0,0,0,0,0,0,0,0,0,0,0,0,
0,0,0,0,0,0,0,0,0,0,0,0,0,0,0,17,17,17,17,17,17,17,17,17,17,
17,17,17,17,17,17,17,17,17,17,17,17,17,17,17,17,17,17,17,17,17,17,17,17,17,
17,17,17,17,17,17,17,17,17,17,17,17,17,17,17,17,17,17,17,17,17,17,17,17,17,
17,17,17,17,17,17,17,17,17,17,17,17,17,17,17,17,17,17,17,17,16,16,11,11,12,
12,12,12,12,12,12,13,8,10,10,10,10,10,10,10,9,9,0,0,0,0,0,0,0,0,
0,0,0,0,0,0,0,0,0,0,0,0,0,0,0,0,0,0,0,0,0,0,0,0,0,
0,0,0,0,0,0,0,0,0,0,0,0,0,0,0,0,0,0,0,0,0,0,0,0,0,
17,17,17,17,17,17,17,17,17,17,17,17,17,17,17,17,17,17,17,17,17,17,17,17,17,
17,17,17,17,17,17,17,17,17,17,17,17,17,17,17,17,17,17,17,17,17,17,17,17,17,
17,17,17,17,17,17,17,17,17,17,17,17,17,17,17,17,17,17,17,17,17,17,17,17,17,
17,17,17,17,17,16,16,11,11,12,12,12,12,12,12,12,13,8,10,10,10,10,10,10,10,
9,9,0,0,0,0,0,0,0,0,0,0,0,0,0,0,0,0,0,0,0,0,0,0,0,
0,0,0,0,0,0,0,0,0,0,0,0,0,0,0,0,0,0,0,0,0,0,0,0,0,
0,0,0,0,0,0,0,0,0,0,17,17,17,17,17,17,17,17,17,17,17,17,17,17,17,
17,17,17,17,17,17,17,17,17,17,17,17,17,17,17,17,17,17,17,17,17,17,17,17,17,
17,17,17,17,17,17,17,17,17,17,17,17,17,17,17,17,17,17,17,17,17,17,17,17,17,
17,17,17,17,17,17,17,17,17,17,17,17,17,17,17,16,16,11,11,12,12,12,12,12,12,
12,13,8,10,10,10,10,10,10,10,9,9,0,0,0,0,0,0,0,0,0,0,0,0,0,
0,0,0,0,0,0,0,0,0,0,0,0,0,0,0,0,0,0,0,0,0,0,0,0,0,
0,0,0,0,0,0,0,0,0,0,0,0,0,0,0,0,0,0,0,0,17,17,17,17,17,
17,17,17,17,17,17,17,17,17,17,17,17,17,17,17,17,17,17,17,17,17,17,17,17,17,
17,17,17,17,17,17,17,17,17,17,17,17,17,17,17,17,17,17,17,17,17,17,17,17,17,
17,17,17,17,17,17,17,17,17,17,17,17,17,17,17,17,17,17,17,17,17,17,17,17,17,
16,16,11,11,12,12,12,12,12,12,12,13,8,10,10,10,10,10,10,10,9,9,0,0,0,
0,0,0,0,0,0,0,0,0,0,0,0,0,0,0,0,0,0,0,0,0,0,0,0,0,
0,0,0,0,0,0,0,0,0,0,0,0,0,0,0,0,0,0,0,0,0,0,0,0,0,
0,0,0,0,0,17,17,17,17,17,17,17,17,17,17,17,17,17,17,17,17,17,17,17,17,
17,17,17,17,17,17,17,17,17,17,17,17,17,17,17,17,17,17,17,17,17,17,17,17,17,
17,17,17,17,17,17,17,17,17,17,17,17,17,17,17,17,17,17,17,17,17,17,17,17,17,
17,17,17,17,17,17,17,17,17,17,16,16,11,11,12,12,12,12,12,12,12,13,8,10,10,
10,10,10,10,10,9,9,0,0,0,0,0,0,0,0,0,0,0,0,0,0,0,0,0,0,
0,0,0,0,0,0,0,0,0,0,0,0,0,0,0,0,0,0,0,0,0,0,0,0,0,
0,0,0,0,0,0,0,0,0,0,0,0,0,0,0,17,17,17,17,17,17,17,17,17,17,
17,17,17,17,17,17,17,17,17,17,17,17,17,17,17,17,17,17,17,17,17,17,17,17,17,
17,17,17,17,17,17,17,17,17,17,17,17,17,17,17,17,17,17,17,17,17,17,17,17,17,
17,17,17,17,17,17,17,17,17,17,17,17,17,17,17,17,17,17,17,17,16,16,11,11,12,
12,12,12,12,12,12,13,8,10,10,10,10,10,10,10,9,9,0,0,0,0,0,0,0,0,
0,0,0,0,0,0,0,0,0,0,0,0,0,0,0,0,0,0,0,0,0,0,0,0,0,
0,0,0,0,0,0,0,0,0,0,0,0,0,0,0,0,0,0,0,0,0,0,0,0,0,
17,17,17,17,17,17,17,17,17,17,17,17,17,17,17,17,17,17,17,17,17,17,17,17,17,
17,17,17,17,17,17,17,17,17,17,17,17,17,17,17,17,17,17,17,17,17,17,17,17,17,
17,17,17,17,17,17,17,17,17,17,17,17,17,17,17,17,17,17,17,17,17,17,17,17,17,
17,17,17,17,17,16,16,11,11,12,12,12,12,12,12,12,13,8,10,10,10,10,10,10,10,
9,9,0,0,0,0,0,0,0,0,0,0,0,0,0,0,0,0,0,0,0,0,0,0,0,
0,0,0,0,0,0,0,0,0,0,0,0,0,0,0,0,0,0,0,0,0,0,0,0,0,
0,0,0,0,0,0,0,0,0,0,16,16,16,16,16,16,16,16,16,16,16,16,16,16,16,
16,16,16,16,16,16,16,16,16,16,16,16,16,16,16,16,16,16,16,16,16,16,16,16,16,
16,16,16,16,16,16,16,16,16,16,16,16,16,16,16,16,16,16,16,16,16,16,16,16,16,
16,16,16,16,16,16,16,16,16,16,16,16,16,16,16,16,16,11,11,12,12,12,12,12,12,
12,13,8,10,10,10,10,10,10,10,9,9,0,0,0,0,0,0,0,0,0,0,0,0,0,
0,0,0,0,0,0,0,0,0,0,0,0,0,0,0,0,0,0,0,0,0,0,0,0,0,
0,0,0,0,0,0,0,0,0,0,0,0,0,0,0,0,0,0,0,0,16,16,16,16,16,
16,16,16,16,16,16,16,16,16,16,16,16,16,16,16,16,16,16,16,16,16,16,16,16,16,
16,16,16,16,16,16,16,16,16,16,16,16,16,16,16,16,16,16,16,16,16,16,16,16,16,
16,16,16,16,16,16,16,16,16,16,16,16,16,16,16,16,16,16,16,16,16,16,16,16,16,
16,16,11,11,12,12,12,12,12,12,12,13,8,10,10,10,10,10,10,10,9,9,0,0,0,
0,0,0,0,0,0,0,0,0,0,0,0,0,0,0,0,0,0,0,0,0,0,0,0,0,
0,0,0,0,0,0,0,0,0,0,0,0,0,0,0,0,0,0,0,0,0,0,0,0,0,
0,0,0,0,0,17,17,17,17,17,17,17,17,17,17,17,17,17,17,17,17,17,17,17,17,
17,17,17,17,17,17,17,17,17,17,17,17,17,17,17,17,17,17,17,17,17,17,17,17,17,
17,17,17,17,17,17,17,17,17,17,17,17,17,17,17,17,17,17,17,17,17,17,16,16,16,
16,16,16,16,16,16,16,16,16,16,16,16,11,11,12,12,12,12,12,12,12,13,8,10,10,
10,10,10,10,10,9,9,0,0,0,0,0,0,0,0,0,0,0,0,0,0,0,0,0,0,
0,0,0,0,0,0,0,0,0,0,0,0,0,0,0,0,0,0,0,0,0,0,0,0,0,
0,0,0,0,0,0,0,0,0,0,0,0,0,0,0,17,17,17,17,17,17,17,17,17,17,
17,17,17,17,17,17,17,17,17,17,17,17,17,17,17,17,17,17,17,17,17,17,17,17,17,
17,17,17,17,17,17,17,17,17,17,17,17,17,17,17,17,17,17,17,17,17,17,17,17,17,
17,17,17,17,17,17,17,16,16,16,16,16,16,16,16,16,16,16,16,16,16,15,11,11,12,
12,12,12,12,12,12,13,8,10,10,10,10,10,10,10,9,9,0,0,0,0,0,0,0,0,
0,0,0,0,0,0,0,0,0,0,0,0,0,0,0,0,0,0,0,0,0,0,0,0,0,
0,0,0,0,0,0,0,0,0,0,0,0,0,0,0,0,0,0,0,0,0,0,0,0,0,
17,17,17,17,17,17,17,17,17,17,17,17,17,17,17,17,17,17,17,17,17,17,17,17,17,
17,17,17,17,17,17,17,17,17,17,17,17,17,17,17,17,17,17,17,17,17,17,17,17,17,
17,17,17,17,17,17,17,17,17,17,17,17,17,17,17,17,17,16,16,19,19,19,19,19,15,
19,19,19,19,19,15,15,11,11,12,12,12,12,12,12,12,13,8,10,10,10,10,10,10,10,
9,9,0,0,0,0,0,0,0,0,0,0,0,0,0,0,0,0,0,0,0,0,0,0,0,
0,0,0,0,0,0,0,0,0,0,0,0,0,0,0,0,0,0,0,0,0,0,0,0,0,
0,0,0,0,0,0,0,0,0,0,17,17,17,17,17,17,17,17,17,17,17,17,17,17,17,
17,17,17,17,17,17,17,17,17,17,17,17,17,17,17,17,17,17,17,17,17,17,17,17,17,
17,17,17,17,17,17,17,17,17,17,17,17,17,17,17,17,17,17,17,17,17,17,17,17,17,
17,17,16,16,19,19,19,19,15,15,16,19,19,19,19,15,15,11,11,12,12,12,12,12,12,
12,13,8,10,10,10,10,10,10,10,9,9,0,0,0,0,0,0,0,0,0,0,0,0,0,
0,0,0,0,0,0,0,0,0,0,0,0,0,0,0,0,0,0,0,0,0,0,0,0,0,
0,0,0,0,0,0,0,0,0,0,0,0,0,0,0,0,0,0,0,0,17,17,17,17,17,
17,17,17,17,17,17,17,17,17,17,17,17,17,17,17,17,17,17,17,17,17,17,17,17,17,
17,17,17,17,17,17,17,17,17,17,17,17,17,17,17,17,17,17,17,17,17,17,17,17,17,
17,17,17,17,17,17,17,17,17,17,17,17,16,16,19,19,19,19,15,15,16,19,19,19,19,
15,15,11,11,12,12,12,12,12,12,12,13,8,10,10,10,10,10,10,10,9,9,0,0,0,
0,0,0,0,0,0,0,0,0,0,0,0,0,0,0,0,0,0,0,0,0,0,0,0,0,
0,0,0,0,0,0,0,0,0,0,0,0,0,0,0,0,0,0,0,0,0,0,0,0,0,
0,0,0,0,0,17,17,17,17,17,17,17,17,17,17,17,17,17,17,17,17,17,17,17,17,
17,17,17,17,17,17,17,17,17,17,17,17,17,17,17,17,17,17,17,17,17,17,17,17,17,
17,17,17,17,17,17,17,17,17,17,17,17,17,17,17,17,17,17,17,17,17,17,16,16,19,
19,19,15,15,17,16,16,19,19,19,15,15,11,11,12,12,12,12,12,12,12,13,8,10,10,
10,10,10,10,10,9,9,0,0,0,0,0,0,0,0,0,0,0,0,0,0,0,0,0,0,
0,0,0,0,0,0,0,0,0,0,0,0,0,0,0,0,0,0,0,0,0,0,0,0,0,
0,0,0,0,0,0,0,0,0,0,0,0,0,0,0,17,17,17,17,17,17,17,17,17,17,
17,17,17,17,17,17,17,17,17,17,17,17,17,17,17,17,17,17,17,17,17,17,17,17,17,
17,17,17,17,17,17,17,17,17,17,17,17,17,17,17,17,17,17,17,17,17,17,17,17,17,
17,17,17,17,17,17,17,16,16,19,19,19,15,15,17,16,16,19,19,19,15,15,11,11,12,
12,12,12,12,12,12,13,8,10,10,10,10,10,10,10,9,9,0,0,0,0,0,0,0,0,
0,0,0,0,0,0,0,0,0,0,0,0,0,0,0,0,0,0,0,0,0,0,0,0,0,
0,0,0,0,0,0,0,0,0,0,0,0,0,0,0,0,0,0,0,0,0,0,0,0,0,
17,17,17,17,17,17,17,17,17,17,17,17,17,17,17,17,17,17,17,17,17,17,17,17,17,
17,17,17,17,17,17,17,17,17,17,17,17,17,17,17,17,17,17,17,17,17,17,17,17,17,
17,17,17,17,17,17,17,17,17,17,17,17,17,17,17,17,17,16,16,19,19,15,15,17,17,
17,16,16,19,19,15,15,11,11,12,12,12,12,12,12,12,13,8,10,10,10,10,10,10,10,
9,9,0,0,0,0,0,0,0,0,0,0,0,0,0,0,0,0,0,0,0,0,0,0,0,
0,0,0,0,0,0,0,0,0,0,0,0,0,0,0,0,0,0,0,0,0,0,0,0,0,
0,0,0,0,0,0,0,0,0,0,17,17,17,17,17,17,17,17,17,17,17,17,17,17,17,
17,17,17,17,17,17,17,17,17,17,17,17,17,17,17,17,17,17,17,17,17,17,17,17,17,
17,17,17,17,17,17,17,17,17,17,17,17,17,17,17,17,17,17,17,17,17,17,17,17,17,
17,17,16,16,19,19,15,15,17,17,17,16,16,19,19,15,15,11,11,12,12,12,12,12,12,
12,13,8,10,10,10,10,10,10,10,9,9,0,0,0,0,0,0,0,0,0,0,0,0,0,
0,0,0,0,0,0,0,0,0,0,0,0,0,0,0,0,0,0,0,0,0,0,0,0,0,
0,0,0,0,0,0,0,0,0,0,0,0,0,0,0,0,0,0,0,0,17,17,17,17,17,
17,17,17,17,17,17,17,17,17,17,17,17,17,17,17,17,17,17,17,17,17,17,17,17,17,
17,17,17,17,17,17,17,17,17,17,17,17,17,17,17,17,17,17,17,17,17,17,17,17,17,
17,17,17,17,17,17,17,17,17,17,17,17,16,16,19,15,15,17,17,17,17,17,16,16,19,
15,15,11,11,12,12,12,12,12,12,12,13,8,10,10,10,10,10,10,10,9,9,0,0,0,
0,0,0,0,0,0,0,0,0,0,0,0,0,0,0,0,0,0,0,0,0,0,0,0,0,
0,0,0,0,0,0,0,0,0,0,0,0,0,0,0,0,0,0,0,0,0,0,0,0,0,
0,0,0,0,0,17,17,17,17,17,17,17,17,17,17,17,17,17,17,17,17,17,17,17,17,
17,17,17,17,17,17,17,17,17,17,17,17,17,17,17,17,17,17,17,17,17,17,17,17,17,
17,17,17,17,17,17,17,17,17,17,17,17,17,17,17,17,17,17,17,17,17,17,16,16,19,
15,15,17,17,17,17,17,16,16,19,15,15,11,11,12,12,12,12,12,12,12,13,8,10,10,
10,10,10,10,10,9,9,0,0,0,0,0,0,0,0,0,0,0,0,0,0,0,0,0,0,
0,0,0,0,0,0,0,0,0,0,0,0,0,0,0,0,0,0,0,0,0,0,0,0,0,
0,0,0,0,0,0,0,0,0,0,0,0,0,0,0,17,17,17,17,17,17,17,17,17,17,
17,17,17,17,17,17,17,17,17,17,17,17,17,17,17,17,17,17,17,17,17,17,17,17,17,
17,17,17,17,17,17,17,17,17,17,17,17,17,17,17,17,17,17,17,17,17,17,17,17,17,
17,17,17,17,17,17,17,16,16,15,15,16,16,16,16,16,16,16,16,16,15,15,11,11,12,
12,12,12,12,12,12,13,8,10,10,10,10,10,10,10,9,9,0,0,0,0,0,0,0,0,
0,0,0,0,0,0,0,0,0,0,0,0,0,0,0,0,0,0,0,0,0,0,0,0,0,
0,0,0,0,0,0,0,0,0,0,0,0,0,0,0,0,0,0,0,0,0,0,0,0,0,
17,17,17,17,17,17,17,17,17,17,17,17,17,17,17,17,17,17,17,17,17,17,17,17,17,
17,17,17,17,17,17,17,17,17,17,17,17,17,17,17,17,17,17,17,17,17,17,17,17,17,
17,17,17,17,17,17,17,17,17,17,17,17,17,17,17,17,17,16,16,15,16,16,16,16,16,
16,16,16,16,16,15,15,11,11,12,12,12,12,12,12,12,13,8,10,10,10,10,10,10,10,
9,9,0,0,0,0,0,0,0,0,0,0,0,0,0,0,0,0,0,0,0,0,0,0,0,
0,0,0,0,0,0,0,0,0,0,0,0,0,0,0,0,0,0,0,0,0,0,0,0,0,
0,0,0,0,0,0,0,0,0,0,17,17,17,17,17,17,17,17,17,17,17,17,17,17,17,
17,17,17,17,17,17,17,17,17,17,17,17,17,17,17,17,17,17,17,17,17,17,17,17,17,
17,17,17,17,17,17,17,17,17,17,17,17,17,17,17,17,17,17,17,17,17,17,17,17,17,
17,17,16,16,19,19,19,19,19,19,19,19,19,19,19,15,15,11,11,12,12,12,12,12,12,
12,13,8,10,10,10,10,10,10,10,9,9,0,0,0,0,0,0,0,0,0,0,0,0,0,
0,0,0,0,0,0,0,0,0,0,0,0,0,0,0,0,0,0,0,0,0,0,0,0,0,
0,0,0,0,0,0,0,0,0,0,0,0,0,0,0,0,0,0,0,0,17,17,17,17,17,
17,17,17,17,17,17,17,17,17,17,17,17,17,17,17,17,17,17,17,17,17,17,17,17,17,
17,17,17,17,17,17,17,17,17,17,17,17,17,17,17,17,17,17,17,17,17,17,17,17,17,
17,17,17,17,17,17,17,17,17,17,17,17,16,16,19,19,19,19,19,19,19,19,19,19,19,
15,15,11,11,12,12,12,12,12,12,12,13,8,10,10,10,10,10,10,10,9,9,0,0,0,
0,0,0,0,0,0,0,0,0,0,0,0,0,0,0,0,0,0,0,0,0,0,0,0,0,
0,0,0,0,0,0,0,0,0,0,0,0,0,0,0,0,0,0,0,0,0,0,0,0,0,
0,0,0,0,0,17,17,17,17,17,17,17,17,17,17,17,17,17,17,17,17,17,17,17,17,
17,17,17,17,17,17,17,17,17,17,17,17,17,17,17,17,17,17,17,17,17,17,17,17,17,
17,17,17,17,17,17,17,17,17,17,17,17,17,17,17,17,17,17,17,17,17,17,16,16,19,
19,19,19,19,19,19,19,19,19,19,15,15,11,11,12,12,12,12,12,12,12,13,8,10,10,
10,10,10,10,10,9,9,0,0,0,0,0,0,0,0,0,0,0,0,0,0,0,0,0,0,
0,0,0,0,0,0,0,0,0,0,0,0,0,0,0,0,0,0,0,0,0,0,0,0,0,
0,0,0,0,0,0,0,0,0,0,0,0,0,0,0,17,17,17,17,17,17,17,17,17,17,
17,17,17,17,17,17,17,17,17,17,17,17,17,17,17,17,17,17,17,17,17,17,17,17,17,
17,17,17,17,17,17,17,17,17,17,17,17,17,17,17,17,17,17,17,17,17,17,17,17,17,
17,17,17,17,17,17,17,16,16,19,19,19,19,19,19,19,19,19,19,19,15,15,11,11,12,
12,12,12,12,12,12,13,8,10,10,10,10,10,10,10,9,9,0,0,0,0,0,0,0,0,
0,0,0,0,0,0,0,0,0,0,0,0,0,0,0,0,0,0,0,0,0,0,0,0,0,
0,0,0,0,0,0,0,0,0,0,0,0,0,0,0,0,0,0,0,0,0,0,0,0,0,
17,17,17,17,17,17,17,17,17,17,17,17,17,17,17,17,17,17,17,17,17,17,17,17,17,
17,17,17,17,17,17,17,17,17,17,17,17,17,17,17,17,17,17,17,17,17,17,17,17,17,
17,17,17,17,17,17,17,17,17,17,17,17,17,17,17,17,17,16,16,19,19,19,19,19,19,
19,19,19,19,19,15,15,11,11,12,12,12,12,12,12,12,13,8,10,10,10,10,10,10,10,
9,9,0,0,0,0,0,0,0,0,0,0,0,0,0,0,0,0,0,0,0,0,0,0,0,
0,0,0,0,0,0,0,0,0,0,0,0,0,0,0,0,0,0,0,0,0,0,0,0,0,
0,0,0,0,0,0,0,0,0,0,17,17,17,17,17,17,17,17,17,17,17,17,17,17,17,
17,17,17,17,17,17,17,17,17,17,17,17,17,17,17,17,17,17,17,17,17,17,17,17,17,
17,17,17,17,17,17,17,17,17,17,17,17,17,17,17,17,17,17,17,17,17,17,17,17,17,
17,17,16,16,19,19,19,19,19,19,19,19,19,19,19,15,15,11,11,12,12,12,12,12,12,
12,13,8,10,10,10,10,10,10,10,9,9,0,0,0,0,0,0,0,0,0,0,0,0,0,
0,0,0,0,0,0,0,0,0,0,0,0,0,0,0,0,0,0,0,0,0,0,0,0,0,
0,0,0,0,0,0,0,0,0,0,0,0,0,0,0,0,0,0,0,0,17,17,17,17,17,
17,17,17,17,17,17,17,17,17,17,17,17,17,17,17,17,17,17,17,17,17,17,17,17,17,
17,17,17,17,17,17,17,17,17,17,17,17,17,17,17,17,17,17,17,17,17,17,17,17,17,
17,17,17,17,17,17,17,17,17,17,17,17,16,16,19,19,19,19,19,19,19,19,19,19,19,
15,15,11,11,12,12,12,12,12,12,12,13,8,10,10,10,10,10,10,10,9,9,0,0,0,
0,0,0,0,0,0,0,0,0,0,0,0,0,0,0,0,0,0,0,0,0,0,0,0,0,
0,0,0,0,0,0,0,0,0,0,0,0,0,0,0,0,0,0,0,0,0,0,0,0,0,
0,0,0,0,0,17,17,17,17,17,17,17,17,17,17,17,17,17,17,17,17,17,17,17,17,
17,17,17,17,17,17,17,17,17,17,17,17,17,17,17,17,17,17,17,17,17,17,17,17,17,
17,17,17,17,17,17,17,17,17,17,17,17,17,17,17,17,17,17,17,17,17,17,16,16,19,
19,19,19,19,19,19,19,19,19,19,15,15,11,11,12,12,12,12,12,12,12,13,8,10,10,
10,10,10,10,10,9,9,0,0,0,0,0,0,0,0,0,0,0,0,0,0,0,0,0,0,
0,0,0,0,0,0,0,0,0,0,0,0,0,0,0,0,0,0,0,0,0,0,0,0,0,
0,0,0,0,0,0,0,0,0,0,0,0,0,0,0,17,17,17,17,17,17,17,17,17,17,
17,17,17,17,17,17,17,17,17,17,17,17,17,17,17,17,17,17,17,17,17,17,17,17,17,
17,17,17,17,17,17,17,17,17,17,17,17,17,17,17,17,17,17,17,17,17,17,17,17,17,
17,17,17,17,17,17,17,16,16,19,19,19,19,19,19,19,19,19,19,19,15,15,11,11,12,
12,12,12,12,12,12,13,8,10,10,10,10,10,10,10,9,9,0,0,0,0,0,0,0,0,
0,0,0,0,0,0,0,0,0,0,0,0,0,0,0,0,0,0,0,0,0,0,0,0,0,
0,0,0,0,0,0,0,0,0,0,0,0,0,0,0,0,0,0,0,0,0,0,0,0,0,
17,17,17,17,17,17,17,17,17,17,17,17,17,17,17,17,17,17,17,17,17,17,17,17,17,
17,17,17,17,17,17,17,17,17,17,17,17,17,17,17,17,17,17,17,17,17,17,17,17,17,
17,17,17,17,17,17,17,17,17,17,17,17,17,17,17,17,17,16,16,19,19,19,19,19,19,
19,19,19,19,19,15,15,11,11,12,12,12,12,12,12,12,13,8,10,10,10,10,10,10,10,
9,9,0,0,0,0,0,0,0,0,0,0,0,0,0,0,0,0,0,0,0,0,0,0,0,
0,0,0,0,0,0,0,0,0,0,0,0,0,0,0,0,0,0,0,0,0,0,0,0,0,
0,0,0,0,0,0,0,0,0,0,17,17,17,17,17,17,17,17,17,17,17,17,17,17,17,
17,17,17,17,17,17,17,17,17,17,17,17,17,17,17,17,17,17,17,17,17,17,17,17,17,
17,17,17,17,17,17,17,17,17,17,17,17,17,17,17,17,17,17,17,17,17,17,17,17,17,
17,17,16,16,19,19,19,19,19,19,19,19,19,19,19,15,15,11,11,12,12,12,12,12,12,
12,13,8,10,10,10,10,10,10,10,9,9,0,0,0,0,0,0,0,0,0,0,0,0,0,
0,0,0,0,0,0,0,0,0,0,0,0,0,0,0,0,0,0,0,0,0,0,0,0,0,
0,0,0,0,0,0,0,0,0,0,0,0,0,0,0,0,0,0,0,0,17,17,17,17,17,
17,17,17,17,17,17,17,17,17,17,17,17,17,17,17,17,17,17,17,17,17,17,17,17,17,
17,17,17,17,17,17,17,17,17,17,17,17,17,17,17,17,17,17,17,17,17,17,17,17,17,
17,17,17,17,17,17,17,17,17,17,17,17,16,16,19,19,19,19,19,19,19,19,19,19,19,
15,15,11,11,12,12,12,12,12,12,12,13,8,10,10,10,10,10,10,10,9,9,0,0,0,
0,0,0,0,0,0,0,0,0,0,0,0,0,0,0,0,0,0,0,0,0,0,0,0,0,
0,0,0,0,0,0,0,0,0,0,0,0,0,0,0,0,0,0,0,0,0,0,0,0,0,
0,0,0,0,0,17,17,17,17,17,17,17,17,17,17,17,17,17,17,17,17,17,17,17,17,
17,17,17,17,17,17,17,17,17,17,17,17,17,17,17,17,17,17,17,17,17,17,17,17,17,
17,17,17,17,17,17,17,17,17,17,17,17,17,17,17,17,17,17,17,17,17,17,16,16,19,
19,19,19,19,19,19,19,19,19,19,15,15,11,11,12,12,12,12,12,12,12,13,8,10,10,
10,10,10,10,10,9,9,0,0,0,0,0,0,0,0,0,0,0,0,0,0,0,0,0,0,
0,0,0,0,0,0,0,0,0,0,0,0,0,0,0,0,0,0,0,0,0,0,0,0,0,
0,0,0,0,0,0,0,0,0,0,0,0,0,0,0,17,17,17,17,17,17,17,17,17,17,
17,17,17,17,17,17,17,17,17,17,17,17,17,17,17,17,17,17,17,17,17,17,17,17,17,
17,17,17,17,17,17,17,17,17,17,17,17,17,17,17,17,17,17,17,17,17,17,17,17,17,
17,17,17,17,17,17,17,16,16,19,19,19,19,19,19,19,19,19,19,19,15,15,11,11,12,
12,12,12,12,12,12,13,8,10,10,10,10,10,10,10,9,9,0,0,0,0,0,0,0,0,
0,0,0,0,0,0,0,0,0,0,0,0,0,0,0,0,0,0,0,0,0,0,0,0,0,
0,0,0,0,0,0,0,0,0,0,0,0,0,0,0,0,0,0,0,0,0,0,0,0,0,
17,17,17,17,17,17,17,17,17,17,17,17,17,17,17,17,17,17,17,17,17,17,17,17,17,
17,17,17,17,17,17,17,17,17,17,17,17,17,17,17,17,17,17,17,17,17,17,17,17,17,
17,17,17,17,17,17,17,17,17,17,17,17,17,17,17,17,17,16,16,19,19,19,19,19,19,
19,19,19,19,19,15,15,11,11,12,12,12,12,12,12,12,13,8,10,10,10,10,10,10,10,
9,9,0,0,0,0,0,0,0,0,0,0,0,0,0,0,0,0,0,0,0,0,0,0,0,
0,0,0,0,0,0,0,0,0,0,0,0,0,0,0,0,0,0,0,0,0,0,0,0,0,
0,0,0,0,0,0,0,0,0,0,17,17,17,17,17,17,17,17,17,17,17,17,17,17,17,
17,17,17,17,17,17,17,17,17,17,17,17,17,17,17,17,17,17,17,17,17,17,17,17,17,
17,17,17,17,17,17,17,17,17,17,17,17,17,17,17,17,17,17,17,17,17,17,17,17,17,
17,17,16,16,19,19,19,19,19,19,19,19,19,19,19,15,15,11,11,12,12,12,12,12,12,
12,13,8,10,10,10,10,10,10,10,9,9,0,0,0,0,0,0,0,0,0,0,0,0,0,
0,0,0,0,0,0,0,0,0,0,0,0,0,0,0,0,0,0,0,0,0,0,0,0,0,
0,0,0,0,0,0,0,0,0,0,0,0,0,0,0,0,0,0,0,0,17,17,17,17,17,
17,17,17,17,17,17,17,17,17,17,17,17,17,17,17,17,17,17,17,17,17,17,17,17,17,
17,17,17,17,17,17,17,17,17,17,17,17,17,17,17,17,17,17,17,17,17,17,17,17,17,
17,17,17,17,17,17,17,17,17,17,17,17,16,16,19,19,19,19,19,19,19,19,19,19,19,
15,15,11,11,12,12,12,12,12,12,12,13,8,10,10,10,10,10,10,10,9,9,0,0,0,
0,0,0,0,0,0,0,0,0,0,0,0,0,0,0,0,0,0,0,0,0,0,0,0,0,
0,0,0,0,0,0,0,0,0,0,0,0,0,0,0,0,0,0,0,0,0,0,0,0,0,
0,0,0,0,0,17,17,17,17,17,17,17,17,17,17,17,17,17,17,17,17,17,17,17,17,
17,17,17,17,17,17,17,17,17,17,17,17,17,17,17,17,17,17,17,17,17,17,17,17,17,
17,17,17,17,17,17,17,17,17,17,17,17,17,17,17,17,17,17,17,17,17,17,16,16,19,
19,19,19,19,19,19,19,19,19,19,15,15,11,11,12,12,12,12,12,12,12,13,8,10,10,
10,10,10,10,10,9,9,0,0,0,0,0,0,0,0,0,0,0,0,0,0,0,0,0,0,
0,0,0,0,0,0,0,0,0,0,0,0,0,0,0,0,0,0,0,0,0,0,0,0,0,
0,0,0,0,0,0,0,0,0,0,0,0,0,0,0,17,17,17,17,17,17,17,17,17,17,
17,17,17,17,17,17,17,17,17,17,17,17,17,17,17,17,17,17,17,17,17,17,17,17,17,
17,17,17,17,17,17,17,17,17,17,17,17,17,17,17,17,17,17,17,17,17,17,17,17,17,
17,17,17,17,17,17,17,16,16,19,19,19,19,19,19,19,19,19,19,19,15,15,11,11,12,
12,12,12,12,12,12,13,8,10,10,10,10,10,10,10,9,9,0,0,0,0,0,0,0,0,
0,0,0,0,0,0,0,0,0,0,0,0,0,0,0,0,0,0,0,0,0,0,0,0,0,
0,0,0,0,0,0,0,0,0,0,0,0,0,0,0,0,0,0,0,0,0,0,0,0,0
};
