# AB 0 -Adobe-ITC Avant Garde Gothic-Demi-R-Normal--14-140-75-75-P-82-ISO8859-1

name AB
internalname 0
spacewidth 32
charset
\^	8	0	0377
\|	16	0	0377
!	20	1	041
"	20	1	042
#	39	1	043
$	31	1	044
%	50	1	045
&	42	1	046
'	16	1	047
(	27	1	050
)	27	1	051
*	23	1	052
+	35	1	053
,	16	1	054
-	31	1	055
hy	"
em	"
.	16	1	056
/	27	1	057
sl	"
0	31	1	060
1	31	1	061
2	31	1	062
3	31	1	063
4	31	1	064
5	31	1	065
6	31	1	066
7	31	1	067
8	31	1	070
9	31	1	071
:	16	1	072
;	16	1	073
<	35	1	074
=	35	1	075
>	35	1	076
?	31	1	077
@	50	1	0100
A	42	1	0101
B	35	1	0102
C	42	1	0103
D	39	1	0104
E	23	1	0105
F	23	1	0106
G	42	1	0107
H	35	1	0110
I	20	1	0111
J	31	1	0112
K	35	1	0113
L	23	1	0114
M	50	1	0115
N	42	1	0116
O	42	1	0117
P	35	1	0120
Q	46	1	0121
R	35	1	0122
S	31	1	0123
T	27	1	0124
U	35	1	0125
V	39	1	0126
W	58	1	0127
X	39	1	0130
Y	35	1	0131
Z	31	1	0132
[	23	1	0133
\	35	1	0134
]	23	1	0135
^	35	1	0136
_	27	1	0137
`	16	1	0140
a	35	1	0141
b	39	1	0142
c	35	1	0143
d	35	1	0144
e	35	1	0145
f	20	1	0146
g	35	1	0147
h	31	1	0150
i	20	1	0151
j	20	1	0152
k	35	1	0153
l	16	1	0154
m	50	1	0155
n	31	1	0156
o	35	1	0157
p	39	1	0160
q	35	1	0161
r	23	1	0162
s	23	1	0163
t	20	1	0164
u	31	1	0165
v	31	1	0166
w	46	1	0167
x	31	1	0170
y	31	1	0171
z	23	1	0172
{	23	1	0173
|	35	1	0174
}	23	1	0175
~	35	1	0176
I!	20	1	0241
ct	31	1	0242
L-	31	1	0243
ox	31	1	0244
Y=	35	1	0245
sc	31	1	0247
..	31	1	0250
co	46	1	0251
a_	27	1	0252
<<	23	1	0253
no	35	1	0254
en	23	1	0255
\-	"
rg	46	1	0256
de	23	1	0260
+-	35	1	0261
aa	20	1	0264
*m	31	1	0265
pa	39	1	0266
m.	20	1	0267
cd	23	1	0270
o_	27	1	0272
>>	23	1	0273
14	46	1	0274
12	46	1	0275
34	46	1	0276
I?	31	1	0277
A`	42	1	0300
A'	42	1	0301
A^	42	1	0302
A~	42	1	0303
A:	42	1	0304
Ao	42	1	0305
AE	50	1	0306
C,	42	1	0307
E`	23	1	0310
E'	23	1	0311
E^	23	1	0312
E:	23	1	0313
I`	20	1	0314
I'	20	1	0315
I^	20	1	0316
I:	20	1	0317
D~	39	1	0320
N~	42	1	0321
O`	42	1	0322
O'	42	1	0323
O^	42	1	0324
O~	42	1	0325
O:	42	1	0326
mu	35	1	0327
O/	42	1	0330
U`	35	1	0331
U'	35	1	0332
U^	35	1	0333
U:	35	1	0334
Y'	35	1	0335
TH	35	1	0336
a`	35	1	0340
a'	35	1	0341
a^	35	1	0342
a~	35	1	0343
a:	35	1	0344
ao	35	1	0345
ae	58	1	0346
c,	35	1	0347
e`	35	1	0350
e'	35	1	0351
e^	35	1	0352
e:	35	1	0353
i`	20	1	0354
i'	20	1	0355
i^	20	1	0356
i:	20	1	0357
d~	35	1	0360
n~	31	1	0361
o`	35	1	0362
o'	35	1	0363
o^	35	1	0364
o~	35	1	0365
o:	35	1	0366
di	35	1	0367
o/	35	1	0370
u`	31	1	0371
u'	31	1	0372
u^	31	1	0373
u:	31	1	0374
y'	31	1	0375
th	39	1	0376
y:	31	1	0377
